COCO_train2014_000000403553.jpg,t,0.181295,i,0.160230,l,0.144077,to,0.095411,1,0.090957,io,0.084245,lo,0.075828,t0,0.062723,i0,0.055384,l0,0.049850
COCO_train2014_000000293674.jpg,nain,0.124085,nainn,0.117318,naine,0.101912,oain,0.099924,anain,0.098734,oainn,0.094475,naina,0.093991,anainn,0.093345,ain,0.088782,aain,0.087433
COCO_train2014_000000466511.jpg,ctiouioonn,0.132493,ctiouoonn,0.122702,ctioucoonn,0.107293,ctiouicoonn,0.104880,ctiouconn,0.094654,ctiouiconn,0.094187,ctouioonn,0.093419,ctouoonn,0.086515,ctiouioinn,0.085090,ctiouoinn,0.078768
COCO_train2014_000000439482.jpg,selnd,0.285784,selad,0.146240,salnd,0.120525,selmd,0.116523,selnt,0.075387,salad,0.061675,selns,0.054624,selnl,0.051523,salmd,0.049142,selat,0.038577
COCO_train2014_000000509740.jpg,kheg,0.116265,keg,0.113403,rheg,0.107673,reg,0.105868,uheg,0.105051,ueg,0.103878,sheg,0.090160,seg,0.087705,wheg,0.085977,khg,0.084020
COCO_train2014_000000339189.jpg,sg,0.347909,sa,0.246208,s0,0.112155,sj,0.050765,bg,0.049519,shg,0.045974,s8,0.040357,s6,0.038360,ba,0.035023,gg,0.033730
COCO_train2014_000000295236.jpg,ts,0.357213,hs,0.125787,fs,0.108961,ks,0.077263,te,0.074539,es,0.062733,rs,0.059054,ls,0.057349,is,0.046951,s,0.030149
COCO_train2014_000000295893.jpg,iobng,0.115274,inbng,0.110586,ibng,0.108209,iobig,0.099774,iobing,0.097528,inbig,0.095725,ibig,0.093683,inbing,0.093573,iolng,0.092911,ilng,0.092737
COCO_train2014_000000154704.jpg,nser,0.179750,nsser,0.144786,iser,0.114748,niser,0.097062,nnser,0.093579,user,0.091009,isser,0.088288,inser,0.068633,dser,0.064164,ner,0.057982
COCO_train2014_000000466627.jpg,ooen,0.123610,dooen,0.118051,cooen,0.112075,doen,0.103795,coen,0.101471,oen,0.090934,doon,0.090784,oooen,0.087865,coon,0.087090,sooen,0.084324
COCO_train2014_000000019766.jpg,aees,0.224685,aes,0.154106,aeres,0.110222,aeees,0.101038,aens,0.073623,aeoes,0.069416,aeies,0.069244,ares,0.067822,aenes,0.065443,aers,0.064402
COCO_train2014_000000158787.jpg,red,0.126533,rned,0.123588,raed,0.111221,reed,0.108836,rnd,0.103963,rred,0.098869,rend,0.085976,rad,0.082388,reud,0.079949,rand,0.078677
COCO_train2014_000000284340.jpg,orulalemen,0.137338,orulaleen,0.112683,orulatemen,0.108801,orulauemen,0.105375,wrulalemen,0.093685,orulalenen,0.091779,crulalemen,0.089806,orulateen,0.089269,orulaueen,0.086458,mrulalemen,0.084808
COCO_train2014_000000113634.jpg,niss,0.110227,nntss,0.105559,mntss,0.105111,nnss,0.105046,mnss,0.103563,miss,0.101780,ntss,0.093260,nitss,0.092219,nness,0.092190,mness,0.091045
COCO_train2014_000000259137.jpg,aninon,0.152970,aninion,0.120441,aniion,0.118551,mninon,0.098463,mniion,0.097556,aniinon,0.089003,annion,0.084768,anmnion,0.082213,anininon,0.081055,anmion,0.074981
COCO_train2014_000000055033.jpg,ces,0.178817,coes,0.114371,ce,0.104330,cee,0.101932,cees,0.097352,caes,0.093313,cas,0.086525,cs,0.083709,coe,0.070547,cae,0.069104
COCO_train2014_000000052901.jpg,agbie,0.130267,abie,0.122347,agpie,0.103255,agbe,0.101250,apie,0.096915,abe,0.095094,avgbie,0.094666,avbie,0.088830,agbia,0.086312,abia,0.081065
COCO_train2014_000000051965.jpg,coniis,0.122420,conios,0.114130,conies,0.109605,coniios,0.106028,coniies,0.106009,conis,0.098517,contios,0.091550,contis,0.090294,conties,0.089372,coniris,0.072076
COCO_train2014_000000050586.jpg,igpih,0.143903,igih,0.141916,igah,0.120508,igpah,0.103580,igoih,0.097834,kgpih,0.083498,kgih,0.082345,hgpih,0.077854,hgih,0.076779,iggih,0.071783
COCO_train2014_000000151594.jpg,capital,0.254526,cacital,0.118544,capial,0.115896,cpital,0.113711,cagital,0.113070,capitai,0.074371,cacial,0.053978,ccital,0.052641,cpial,0.051777,cagial,0.051486
COCO_train2014_000000161738.jpg,ting,0.145059,taing,0.120187,ping,0.119180,ling,0.108956,paing,0.100302,laing,0.090090,tin,0.089187,tsing,0.076741,teing,0.076257,tain,0.074042
COCO_train2014_000000036622.jpg,soin,0.144077,soiin,0.109224,eoin,0.107296,sin,0.105146,siin,0.103872,soinn,0.100170,coin,0.087202,ein,0.083010,eiin,0.081787,stin,0.078216
COCO_train2014_000000117322.jpg,nad,0.178850,naed,0.174471,ned,0.156745,nd,0.128131,nnad,0.071247,nnaed,0.068868,nned,0.065972,nnd,0.054662,aed,0.053032,ad,0.048022
COCO_train2014_000000365032.jpg,geap,0.341408,gap,0.138170,seap,0.105615,feap,0.101091,giap,0.070455,ghap,0.054711,geay,0.054205,geafp,0.050656,sap,0.042755,fap,0.040934
COCO_train2014_000000429241.jpg,s,0.215298,cs,0.137819,ts,0.134303,os,0.096500,es,0.089686,r,0.085266,vs,0.075528,d,0.058740,,0.053678,ss,0.053182
COCO_train2014_000000124811.jpg,riy,0.138770,ry,0.114201,ris,0.101082,rs,0.096774,rgy,0.096513,rsy,0.094225,tiy,0.090807,ray,0.090752,diy,0.089351,rigy,0.087526
COCO_train2014_000000379749.jpg,mniiin,0.116416,mniin,0.114503,mnmiin,0.111392,moniin,0.105397,moniiin,0.102850,mniien,0.097334,mnmiien,0.091221,monmiin,0.091196,moniien,0.089088,mnniin,0.080606
COCO_train2014_000000073427.jpg,ess,0.152563,esa,0.121214,tss,0.115772,zss,0.106467,lss,0.096645,tsa,0.091503,es,0.086802,zsa,0.084164,lsa,0.076377,ts,0.068493
COCO_train2014_000000280968.jpg,inii,0.196786,iniii,0.154044,imii,0.100033,irii,0.094722,iniin,0.087434,icnii,0.082095,imiii,0.078350,iriii,0.074286,iniis,0.067837,icniii,0.064412
COCO_train2014_000000013336.jpg,settor,0.148326,sertor,0.121241,settors,0.103050,settorn,0.099848,settoro,0.094072,settoros,0.092162,settorm,0.089854,setton,0.084491,sertors,0.084270,settorms,0.082687
COCO_train2014_000000437522.jpg,rr,0.462148,mr,0.161132,rrn,0.066068,rlr,0.061545,rir,0.060074,tr,0.057016,rtr,0.046357,rry,0.038807,r,0.023816,mrn,0.023037
COCO_train2014_000000227441.jpg,ibentfichtion,0.195289,identfichtion,0.126001,ibentfchtion,0.121937,ibentifichtion,0.121535,ieentfichtion,0.085232,identfchtion,0.078674,identifichtion,0.078414,ibentifchtion,0.075885,ipentfichtion,0.059831,ibentfichton,0.057202
COCO_train2014_000000403853.jpg,eetie,0.144026,eetis,0.118453,tetie,0.110158,estie,0.103933,eete,0.095482,etie,0.094111,tetis,0.090598,estis,0.085479,eeie,0.079232,eets,0.078528
COCO_train2014_000000480575.jpg,tewate,0.168992,iewate,0.139605,oewate,0.114311,rewate,0.111458,cewate,0.110535,tewale,0.093051,iewale,0.076870,oewale,0.062942,rewale,0.061372,cewale,0.060863
COCO_train2014_000000211969.jpg,brgis,0.215033,brgs,0.161078,srgis,0.128041,srgs,0.095760,brgls,0.079670,birgis,0.070240,brgrs,0.064857,brges,0.062290,brgies,0.061861,brgiis,0.061170
COCO_train2014_000000383580.jpg,arn,0.193833,an,0.164042,ain,0.112369,orn,0.098309,on,0.083835,ern,0.082175,en,0.070175,airn,0.069090,arrn,0.066103,crn,0.060069
COCO_train2014_000000183151.jpg,annnnnn,0.167140,annnninn,0.153605,annninn,0.139961,annnnn,0.136740,annnnnnn,0.098617,annnnninn,0.071104,aannnnnn,0.064956,anninn,0.056565,aannnninn,0.055722,aannnnn,0.055588
COCO_train2014_000000451206.jpg,belta,0.530649,beta,0.192916,delta,0.066431,oelta,0.057260,beita,0.038100,beltta,0.033918,deta,0.024098,oeta,0.020771,beuta,0.020680,betta,0.015176
COCO_train2014_000000188511.jpg,cimicn,0.123974,ciimicn,0.120581,cinimicn,0.113633,cnimicn,0.110192,cinmicn,0.103790,cimcn,0.089623,ciimcn,0.087820,cnmicn,0.086749,cinimcn,0.083281,cnimcn,0.080357
COCO_train2014_000000401977.jpg,clat,0.174231,cuat,0.166619,tlat,0.105937,tuat,0.101414,lat,0.087788,uat,0.082973,rlat,0.074528,ruat,0.071344,clt,0.068139,klat,0.067026
COCO_train2014_000000383645.jpg,mncnen,0.117799,mnceen,0.112056,mncenen,0.111897,mncen,0.103586,mncntn,0.100447,mncetn,0.099570,mnconen,0.094343,mncentn,0.094260,mncenn,0.085622,mncontn,0.080420
COCO_train2014_000000154879.jpg,nnnninn,0.150563,nnnnnn,0.136820,nnninn,0.112198,nnnnn,0.100308,nnnnnnn,0.093500,mnnninn,0.087333,nnnnninn,0.086823,mnnnnn,0.079386,nmnninn,0.078351,innnnn,0.074718
COCO_train2014_000000044247.jpg,arrc,0.171804,arlrc,0.114237,arc,0.109096,arorc,0.098628,arr,0.094075,crrc,0.094026,arirc,0.089443,airc,0.085649,arrr,0.073679,rrc,0.069363
COCO_train2014_000000128998.jpg,mats,0.175997,mate,0.161913,mata,0.119136,mas,0.098272,mae,0.092380,matts,0.077071,maa,0.074849,matte,0.070904,maats,0.067437,maate,0.062041
COCO_train2014_000000042345.jpg,district,0.392737,pistrict,0.194681,districr,0.123008,pistricr,0.060976,oistrict,0.052347,districy,0.045457,istrict,0.044620,dlistrict,0.031980,distric,0.028239,bistrict,0.025954
COCO_train2014_000000077058.jpg,annnnn,0.166596,annnnnn,0.135650,annninn,0.116634,annnn,0.114716,annrnnn,0.097781,anninn,0.097052,anninnn,0.071594,annnninn,0.070155,annrnn,0.066778,annnin,0.063044
COCO_train2014_000000065515.jpg,dollywoee,0.151484,dollywoe,0.134374,dollywoes,0.116975,hollywoee,0.109011,dollywos,0.100166,hollywoe,0.096699,hollywoes,0.084177,hollywos,0.071870,dollywone,0.069691,dollywoed,0.065552
COCO_train2014_000000521806.jpg,ian,0.147893,nan,0.112795,inn,0.112184,iann,0.109579,iaan,0.093749,oan,0.092633,iran,0.089310,nann,0.083587,iian,0.080394,can,0.077876
COCO_train2014_000000214641.jpg,ees,0.136047,es,0.131457,des,0.124026,aes,0.121374,eges,0.084305,as,0.083327,ds,0.082150,ses,0.080397,oes,0.079810,dges,0.077108
COCO_train2014_000000364198.jpg,bai,0.123524,bad,0.117303,cai,0.115090,cad,0.109294,bpi,0.100045,bpd,0.095007,cpi,0.093547,cpd,0.088836,bei,0.080709,bed,0.076644
COCO_train2014_000000110809.jpg,naan,0.124291,naaan,0.120004,neaan,0.115944,namgan,0.111105,naman,0.094246,naigan,0.089601,ncaan,0.088854,nagan,0.086673,ngan,0.085351,naian,0.083930
COCO_train2014_000000537149.jpg,ceninnn,0.115275,ceinnnn,0.107212,cnninn,0.107071,ieninnn,0.104824,ceninn,0.099322,neninnn,0.098655,cnnnnn,0.097966,cennnn,0.090837,ieninn,0.090307,innnnn,0.088531
COCO_train2014_000000544719.jpg,nnrmeinn,0.137055,nnemeinn,0.130161,nnreinn,0.113664,nncmeinn,0.101056,nneeinn,0.099744,nnmeinn,0.092908,mnrmeinn,0.085808,mnemeinn,0.081521,nnomeinn,0.079750,nneinn,0.078332
COCO_train2014_000000383660.jpg,,0.269204,e,0.129621,i,0.113668,g,0.099946,l,0.087434,c,0.086432,o,0.069620,z,0.056814,a,0.053442,t,0.033819
COCO_train2014_000000067768.jpg,saafis,0.203534,saaris,0.148922,safis,0.137166,saris,0.118031,saapis,0.074815,saafs,0.072736,saais,0.071539,salafis,0.059957,sanfis,0.056655,sarfis,0.056645
COCO_train2014_000000279543.jpg,lcer,0.159420,ler,0.154486,loer,0.144317,lcoer,0.106650,lwer,0.082613,lver,0.080769,lrer,0.074712,lcwer,0.074399,lcver,0.073867,lcrer,0.048767
COCO_train2014_000000524925.jpg,iaagct,0.141704,iagct,0.119283,raagct,0.103092,maagct,0.103011,naagct,0.097859,aaagct,0.090638,iaaoct,0.088415,ragct,0.086844,magct,0.086704,nagct,0.082451
COCO_train2014_000000413847.jpg,onlene,0.200246,onlne,0.191381,snlene,0.086592,onlane,0.084385,snlne,0.082760,onleny,0.078638,onlny,0.075156,onene,0.071812,onlone,0.064546,onllne,0.064483
COCO_train2014_000000462957.jpg,wati,0.131797,wate,0.115723,wwati,0.110219,watr,0.100138,watei,0.097637,wwate,0.096779,wat,0.090063,water,0.089515,watis,0.084362,wwatr,0.083768
COCO_train2014_000000436023.jpg,xii,0.295493,xi,0.272226,kii,0.077681,ki,0.071570,xis,0.068043,xit,0.060821,ii,0.050404,i,0.046359,xie,0.037343,xif,0.020059
COCO_train2014_000000313786.jpg,sitlshind,0.118805,silshind,0.115800,sitlshnd,0.099168,sitlspind,0.098118,silshnd,0.096660,snlshind,0.096498,stlshind,0.096117,silspind,0.095637,sitlstind,0.092771,silstind,0.090425
COCO_train2014_000000498722.jpg,n,0.224563,t,0.173120,r,0.141465,ny,0.106201,ty,0.081851,l,0.079018,ry,0.066889,i,0.052645,ly,0.037359,h,0.036889
COCO_train2014_000000450477.jpg,coep,0.154347,cop,0.149751,coes,0.116015,cos,0.107008,coer,0.090643,cor,0.085712,moep,0.080521,mop,0.078123,coe,0.077357,moes,0.060524
COCO_train2014_000000327299.jpg,dss,0.135574,dsss,0.123497,sss,0.114290,oss,0.101306,ssss,0.095263,iss,0.094712,osss,0.089348,doss,0.085275,isss,0.081087,css,0.079650
COCO_train2014_000000526403.jpg,jicen,0.201704,dicen,0.127007,jien,0.100271,picen,0.098289,yicen,0.094766,jican,0.085255,jicn,0.084926,jcen,0.083213,dien,0.063167,jiacen,0.061401
COCO_train2014_000000273053.jpg,aemn,0.145428,aeimn,0.114456,aecmn,0.108973,aemin,0.107556,aein,0.102345,aemmn,0.101647,aecimn,0.085557,aecmin,0.080551,aeemn,0.076774,aecin,0.076712
COCO_train2014_000000219248.jpg,cs,0.169835,rs,0.145632,css,0.116975,rss,0.101479,ls,0.093664,as,0.091124,ss,0.084135,cas,0.073011,ras,0.062984,ces,0.061161
COCO_train2014_000000349390.jpg,panors,0.226728,pranors,0.127726,pannors,0.113819,peanors,0.091211,paors,0.083908,anors,0.082118,paners,0.071907,paanors,0.069995,panos,0.068488,ranors,0.064101
COCO_train2014_000000065484.jpg,nnimoin,0.140857,nnnimoin,0.139863,nnimin,0.122067,nnnimin,0.120566,nnimiin,0.093529,nnmiin,0.091433,nnniin,0.079965,nnmimin,0.074911,nniiin,0.068530,nnnimiin,0.068278
COCO_train2014_000000325145.jpg,pxin,0.183104,pxiin,0.154957,piin,0.147375,pin,0.142521,dxin,0.087951,dxiin,0.073900,diin,0.070810,din,0.068478,pkin,0.037838,piiin,0.033065
COCO_train2014_000000233690.jpg,iii,0.181018,ii,0.171333,tii,0.107005,ti,0.096982,iiii,0.092132,iih,0.090711,iil,0.080052,i,0.063872,iiih,0.062075,tiii,0.054821
COCO_train2014_000000455916.jpg,conarsnios,0.139075,conarsrios,0.134687,coarsnios,0.132140,coarsrios,0.127971,conarsnis,0.083682,conarsris,0.081042,coarsnis,0.079509,coarsris,0.077000,conarbnios,0.073608,conarbrios,0.071286
COCO_train2014_000000254658.jpg,nniin,0.126450,nnion,0.123236,nnin,0.112445,nniion,0.104782,nnnion,0.100814,nninn,0.099696,nnnin,0.099286,nnniin,0.081271,nndion,0.078329,nniinn,0.073691
COCO_train2014_000000073790.jpg,ey,0.247900,by,0.173715,ay,0.124299,zy,0.090162,py,0.087840,iy,0.073289,1y,0.055869,ly,0.049529,ex,0.049410,gy,0.047987
COCO_train2014_000000284649.jpg,nred,0.159574,red,0.139596,nmed,0.129869,ned,0.122673,med,0.111003,ed,0.079885,nied,0.068420,ied,0.066324,ared,0.065306,nres,0.057352
COCO_train2014_000000062995.jpg,ie,0.170361,me,0.148839,we,0.117869,ue,0.103623,ipe,0.088327,iye,0.088247,mpe,0.078125,mye,0.077767,iie,0.065147,wpe,0.061695
COCO_train2014_000000458856.jpg,ocaiain,0.134177,ccaiain,0.121154,ocairin,0.116502,coaiain,0.111145,ccairin,0.105482,coairin,0.096839,ocaian,0.082750,cnairin,0.077435,ocairan,0.077313,ocaain,0.077203
COCO_train2014_000000260901.jpg,ua,0.131485,ca,0.122496,ud,0.106534,cd,0.098776,uea,0.096844,up,0.092643,ue,0.091798,uep,0.086985,cp,0.086694,cea,0.085744
COCO_train2014_000000259434.jpg,mermy,0.334919,mery,0.290258,mermny,0.086367,merny,0.083785,mormy,0.047463,mory,0.041133,merty,0.034939,mermty,0.034332,miermy,0.023803,memy,0.023001
COCO_train2014_000000023702.jpg,haterii,0.277444,hateriii,0.187242,haterih,0.107419,hateri,0.091439,hlaterii,0.089642,hateriih,0.073203,hlateriii,0.060042,iaterii,0.043804,haterh,0.035065,hlaterih,0.034700
COCO_train2014_000000287038.jpg,isin,0.121921,lsin,0.114312,iin,0.105690,usin,0.102604,isirn,0.100261,lin,0.096192,lsirn,0.094434,dsin,0.091710,uin,0.087320,usirn,0.085556
COCO_train2014_000000026105.jpg,lecand,0.216330,lecamd,0.214355,lecad,0.136447,lecano,0.074749,lecamo,0.074067,lecaind,0.060445,lecaimd,0.059883,leband,0.058544,lebamd,0.058010,lecao,0.047170
COCO_train2014_000000550979.jpg,lfe,0.203652,efe,0.154177,ltfe,0.150465,etfe,0.114059,fe,0.087576,tfe,0.085551,cfe,0.064007,lfc,0.052964,ctfe,0.047382,efc,0.040168
COCO_train2014_000000501696.jpg,onies,0.134645,onnies,0.122128,onnis,0.117935,onis,0.116782,oniis,0.103254,onnes,0.090957,oanies,0.084154,onniis,0.079824,ones,0.076587,onns,0.073733
COCO_train2014_000000329664.jpg,ball,0.385577,bll,0.191904,bal,0.089396,balll,0.089049,balil,0.057973,bali,0.045366,blll,0.045061,bl,0.044438,blil,0.028705,bli,0.022530
COCO_train2014_000000397777.jpg,s,0.258464,e,0.159123,st,0.132353,se,0.096152,et,0.080881,r,0.059124,si,0.058918,ee,0.054423,sl,0.050730,sa,0.049832
COCO_train2014_000000484598.jpg,ss,0.176637,srs,0.142593,scs,0.111880,sos,0.099287,ses,0.096361,sns,0.093259,sas,0.086322,sis,0.069904,sls,0.062085,srcs,0.061672
COCO_train2014_000000567268.jpg,nnnnin,0.131694,nnnin,0.129137,nnnion,0.122965,nnnnion,0.120279,innion,0.086210,innin,0.086201,nnnimn,0.083549,nnnnimn,0.081674,nonnin,0.079774,innnin,0.078517
COCO_train2014_000000194700.jpg,eaninnns,0.136145,eannnns,0.120887,eaninns,0.120018,eaninins,0.108370,eanininns,0.092104,eanninns,0.087675,eaninnnd,0.086401,eaninnng,0.084350,eaninnnns,0.082262,eannnnns,0.081789
COCO_train2014_000000149774.jpg,o,0.155920,to,0.130702,co,0.112431,t,0.107615,,0.102366,c,0.091896,vo,0.088040,v,0.080160,io,0.070288,ro,0.060582
COCO_train2014_000000509564.jpg,oeaha,0.217250,oeaa,0.152948,oaaha,0.111049,ogaha,0.100859,oeama,0.087248,oeaka,0.080368,oaaa,0.078230,ogaa,0.071007,oeara,0.056442,oaama,0.044598
COCO_train2014_000000486451.jpg,ices,0.142371,ics,0.122032,ice,0.114191,icen,0.112839,icn,0.111853,icr,0.090202,iced,0.081330,iccs,0.075746,irces,0.075672,icres,0.073763
COCO_train2014_000000341916.jpg,exbpagr,0.178765,exbpags,0.116376,exppagr,0.113549,exbpasr,0.110957,exbpagt,0.103397,exbpage,0.085227,exbpegr,0.075099,exppags,0.073920,exbpass,0.072233,exppasr,0.070478
COCO_train2014_000000518748.jpg,wanan,0.147553,manan,0.112675,wann,0.108715,wnan,0.099875,nanan,0.093784,wnanan,0.092635,wianan,0.091031,wanen,0.090272,mann,0.082983,wranan,0.080476
COCO_train2014_000000354248.jpg,sns,0.157590,snts,0.130071,bns,0.112858,sis,0.092661,snis,0.091746,sos,0.090201,sny,0.083844,ss,0.082054,tns,0.080385,bnts,0.078589
COCO_train2014_000000008830.jpg,vt,0.210725,vtt,0.106169,v,0.105286,vi,0.102923,lt,0.090668,vit,0.086263,vte,0.085697,vty,0.073736,vts,0.072532,ve,0.066002
COCO_train2014_000000559522.jpg,iels,0.183942,ieis,0.151165,ies,0.142290,iets,0.097527,jels,0.086043,ielis,0.076350,iells,0.072102,jeis,0.070711,jes,0.066459,ielts,0.053411
COCO_train2014_000000416325.jpg,snenedng,0.191910,snenedns,0.187088,sanenedng,0.092535,sanenedns,0.090210,snendng,0.089481,snendns,0.087232,snenednn,0.081403,snenedno,0.076274,snenednc,0.052019,saenedng,0.051849
COCO_train2014_000000060370.jpg,pareg,0.168076,preg,0.155703,paeg,0.122138,psareg,0.085485,pereg,0.081727,psreg,0.079640,praeg,0.078538,peg,0.077448,fareg,0.076356,freg,0.074889
COCO_train2014_000000366025.jpg,iaza,0.116245,iazz,0.110481,waza,0.108955,iazzh,0.108130,wazz,0.103553,iazah,0.101570,wazzh,0.101349,wazah,0.095200,iazh,0.079759,wazh,0.074757
COCO_train2014_000000487145.jpg,as,0.327698,ae,0.106729,ams,0.102611,ai,0.083498,aa,0.075719,ag,0.072261,at,0.071029,a,0.068901,ans,0.052329,aos,0.039226
COCO_train2014_000000208513.jpg,inrrrrn,0.118184,inrerrn,0.116734,inrrrn,0.110148,inerrrn,0.108102,inererrn,0.098250,inerrrrn,0.097194,inrrrrs,0.090279,inrerrs,0.089172,inrrrr,0.087796,inrrrs,0.084141
COCO_train2014_000000403270.jpg,hons,0.122525,hans,0.119469,hoas,0.109952,hois,0.102133,hais,0.097216,haas,0.092713,has,0.092372,fons,0.088153,hos,0.088033,hots,0.087435
COCO_train2014_000000298182.jpg,cmornn,0.115454,cmarnn,0.114311,cmorna,0.101665,cmormn,0.100881,cmarna,0.100659,cmarmn,0.099882,cornn,0.095660,carnn,0.094710,cmorma,0.088828,cmarma,0.087949
COCO_train2014_000000225402.jpg,fauey,0.153770,faney,0.151547,fanuey,0.150137,faey,0.147724,faue,0.074065,fane,0.072994,fanue,0.072315,fae,0.071152,faley,0.061356,fanley,0.044941
COCO_train2014_000000581563.jpg,mt,0.267556,ms,0.219002,tt,0.090499,st,0.077164,ts,0.074079,ss,0.063156,lt,0.055679,ct,0.054890,m,0.051267,t,0.046709
COCO_train2014_000000194800.jpg,cares,0.111242,canes,0.109531,caees,0.108648,crnes,0.106888,cees,0.099710,cres,0.099555,crees,0.097046,cnes,0.094402,ccnes,0.086779,ccres,0.086198
COCO_train2014_000000448826.jpg,emirates,0.767948,emiraies,0.049575,emnirates,0.041068,enirates,0.035736,emiratos,0.033338,enmirates,0.017585,emirafes,0.016402,emiratas,0.015653,eminates,0.013502,emiratzs,0.009193
COCO_train2014_000000165550.jpg,ih,0.219728,hh,0.212920,h,0.089394,iah,0.082754,hah,0.080060,i,0.074823,ia,0.061279,irh,0.060044,ii,0.059652,ha,0.059345
COCO_train2014_000000289204.jpg,itt,0.165703,itat,0.128069,iott,0.115567,utt,0.098238,iotat,0.089552,itit,0.085387,mtt,0.084487,ctt,0.080473,itc,0.076598,utat,0.075926
COCO_train2014_000000254822.jpg,dooag,0.113510,doaag,0.107644,doag,0.104324,booag,0.102882,doeag,0.099046,boaag,0.097909,donag,0.096418,boag,0.095094,dorag,0.092026,pooag,0.091146
COCO_train2014_000000058250.jpg,lisrmin,0.142906,lisrmim,0.130575,lisrmn,0.116736,lisrmm,0.099512,lisrmmn,0.095327,uisrmim,0.092376,uisrmin,0.088395,lisrmnm,0.085199,uisrmn,0.079008,lisrmimn,0.069966
COCO_train2014_000000547509.jpg,za,0.191867,z,0.133185,ea,0.126221,ba,0.106166,e,0.089181,ha,0.088361,b,0.078280,h,0.064072,zb,0.062925,zg,0.059743
COCO_train2014_000000266910.jpg,iail,0.270026,lail,0.160026,iil,0.112445,ieil,0.103900,lil,0.067011,tail,0.064219,leil,0.061596,irail,0.060674,eail,0.052546,uail,0.047556
COCO_train2014_000000149755.jpg,ned,0.145364,nd,0.135608,red,0.114445,rd,0.109387,aed,0.103267,ad,0.098120,ed,0.077672,ped,0.074320,nrd,0.072318,med,0.069500
COCO_train2014_000000010230.jpg,candoiann,0.189276,candoian,0.164640,candoiamn,0.125690,candoians,0.081003,candoiam,0.080471,candoianm,0.079304,canoiann,0.074223,candoiaon,0.073614,canboiann,0.067242,canoian,0.064537
COCO_train2014_000000550391.jpg,nr,0.251839,ar,0.215144,rr,0.097973,mr,0.080444,er,0.076558,nir,0.061867,r,0.057693,br,0.054382,air,0.052859,n,0.051240
COCO_train2014_000000510290.jpg,irgnii,0.146450,ignii,0.144095,trgnii,0.122793,tgnii,0.120866,iygnii,0.120623,tygnii,0.097207,iognii,0.074674,lrgnii,0.063263,tognii,0.055036,lgnii,0.054993
COCO_train2014_000000138772.jpg,cae,0.149185,can,0.138326,ca,0.133286,aae,0.096449,aan,0.091494,aa,0.089027,caa,0.085846,caen,0.082717,car,0.069679,cai,0.063989
COCO_train2014_000000154289.jpg,whs,0.207188,nhs,0.200200,ns,0.084821,jhs,0.083956,ws,0.083671,hs,0.072724,vhs,0.072571,rhs,0.068736,lhs,0.066937,wis,0.059198
COCO_train2014_000000273379.jpg,rps,0.382832,ps,0.106487,pps,0.093765,rs,0.087966,rpt,0.063528,tps,0.062124,rpp,0.060518,rpg,0.050722,rpe,0.050184,rp,0.041873
COCO_train2014_000000041730.jpg,anring,0.181873,anrig,0.121396,anrring,0.106829,anrng,0.096366,anriig,0.093854,anrrig,0.091660,arring,0.083507,aring,0.078304,anrrng,0.075939,arrig,0.070272
COCO_train2014_000000287299.jpg,menanay,0.125244,mnenanay,0.113604,menanny,0.109072,menany,0.107368,mnenanny,0.098934,mnenany,0.094121,menaniy,0.093833,menanly,0.090623,mnenaniy,0.085109,mnenanly,0.082092
COCO_train2014_000000216985.jpg,ce,0.194699,cs,0.155860,ge,0.116060,se,0.105022,gs,0.092902,fe,0.087695,ss,0.084066,fs,0.070197,cie,0.050989,te,0.042511
COCO_train2014_000000453260.jpg,anieann,0.141624,anieain,0.129914,aniean,0.120410,anieamn,0.111244,anisann,0.096037,anisain,0.084792,anisan,0.081638,anicann,0.080158,anmieann,0.078748,anisamn,0.075435
COCO_train2014_000000153159.jpg,wan,0.224923,wain,0.127481,wann,0.126010,nan,0.102751,wran,0.099644,wamn,0.077161,waa,0.064612,ian,0.061614,nain,0.058237,nann,0.057565
COCO_train2014_000000011292.jpg,coniis,0.152051,coneiis,0.128534,conis,0.100357,coiis,0.096926,coniin,0.095468,coeiis,0.094150,coneis,0.092798,coniiis,0.088651,coneiin,0.078599,coeis,0.072466
COCO_train2014_000000116783.jpg,coies,0.149406,cooies,0.147050,coieg,0.131253,cooieg,0.129183,cooes,0.085816,cooeg,0.075389,coioes,0.071319,uooies,0.070519,coties,0.070494,cooioes,0.069570
COCO_train2014_000000034063.jpg,stos,0.286609,sos,0.221345,sros,0.189892,stots,0.054401,stoes,0.049826,stros,0.042223,sots,0.042013,sttos,0.039168,soes,0.038480,srots,0.036043
COCO_train2014_000000069117.jpg,ig,0.174692,hg,0.154571,itg,0.106050,ing,0.094615,htg,0.094352,hng,0.084204,iig,0.079834,ieg,0.074273,hig,0.071293,heg,0.066116
COCO_train2014_000000580286.jpg,ie,0.355815,ile,0.142535,iee,0.127677,iie,0.090543,me,0.059249,re,0.054620,ilee,0.050816,is,0.049782,ine,0.036486,iiee,0.032477
COCO_train2014_000000231126.jpg,ooong,0.123994,ooonn,0.117953,ononn,0.110893,onong,0.107266,onoong,0.093650,oooong,0.092390,oonn,0.092118,onoonn,0.088428,oooonn,0.087091,oong,0.086217
COCO_train2014_000000371149.jpg,gt,0.246217,zt,0.182824,kt,0.135628,gi,0.079060,yt,0.077002,rt,0.072347,zi,0.058705,wt,0.052166,ggt,0.050183,at,0.045868
COCO_train2014_000000533356.jpg,dtee,0.137879,dtere,0.116449,dee,0.107740,ctee,0.103230,dtete,0.100505,dere,0.090994,dte,0.087883,ctere,0.087185,dree,0.086475,cee,0.081660
COCO_train2014_000000183068.jpg,rac,0.582766,rack,0.127790,roc,0.072505,raca,0.059156,raci,0.053534,racc,0.029134,racr,0.027265,race,0.017035,rock,0.015899,rgc,0.014917
COCO_train2014_000000275710.jpg,rtet,0.204185,itet,0.138749,rteet,0.125915,ttet,0.112109,iteet,0.085563,rtat,0.076435,mtet,0.075655,tteet,0.069394,rtot,0.060057,itat,0.051939
COCO_train2014_000000148306.jpg,waa,0.142231,laa,0.132333,wa,0.128562,la,0.121486,haa,0.086258,ia,0.080287,ha,0.079845,wsa,0.078652,iaa,0.076516,lsa,0.073831
COCO_train2014_000000521682.jpg,da,0.366979,na,0.159003,ia,0.113261,dva,0.106582,ma,0.065927,dda,0.053222,nva,0.046166,ha,0.032859,iva,0.032825,nda,0.023176
COCO_train2014_000000063571.jpg,cs,0.166898,rs,0.149992,ces,0.130515,res,0.117231,ns,0.109884,nes,0.085605,cgs,0.066736,ds,0.063542,rgs,0.059936,des,0.049660
COCO_train2014_000000395964.jpg,serenn,0.144919,serean,0.134655,serenan,0.116010,serein,0.089681,senenn,0.088707,srenn,0.087685,senean,0.087205,serennn,0.085756,srean,0.083074,serenin,0.082307
COCO_train2014_000000303992.jpg,wibrsl,0.258793,oibrsl,0.138097,wibrsrl,0.134280,wibrst,0.096345,wibrsi,0.084583,oibrsrl,0.071654,mibrsl,0.069848,oibrst,0.051412,wibrsrt,0.049912,oibrsi,0.045077
COCO_train2014_000000315045.jpg,tc,0.246846,tac,0.218514,t6,0.082828,ta6,0.073292,nc,0.072642,t8,0.071498,nac,0.064307,ta8,0.063254,tt,0.056673,tat,0.050146
COCO_train2014_000000270959.jpg,tar,0.200707,taer,0.179785,trr,0.102940,tarr,0.078857,trer,0.077527,taa,0.076427,tan,0.074960,tacr,0.071496,taea,0.069324,taen,0.067976
COCO_train2014_000000216822.jpg,spesy,0.227072,spest,0.181333,spresy,0.136810,sprest,0.109313,sepesy,0.082970,sepest,0.066294,spese,0.057225,sepresy,0.050016,sresy,0.047788,tpesy,0.041179
COCO_train2014_000000278907.jpg,nimnein,0.139315,ninnein,0.135466,nnnein,0.110684,nmnein,0.108432,ninein,0.099045,nimanein,0.085407,nimncin,0.083048,ninncin,0.080753,ninanein,0.080184,nianein,0.077666
COCO_train2014_000000174911.jpg,lnenn,0.170051,inenn,0.129358,lenn,0.119684,nenn,0.098919,ienn,0.093205,lnean,0.090439,anenn,0.090042,lneann,0.072242,inean,0.068797,enn,0.067263
COCO_train2014_000000533619.jpg,cafe,0.315825,cfe,0.302949,cafie,0.129907,cfie,0.124610,cafle,0.041035,cfle,0.039362,cafee,0.012770,cfee,0.012250,care,0.010787,caflie,0.010505
COCO_train2014_000000195266.jpg,sserve,0.195802,msserve,0.192893,bsserve,0.111325,nsserve,0.085479,hsserve,0.084750,eserve,0.072368,meserve,0.071373,rsserve,0.069913,isserve,0.061366,asserve,0.054733
COCO_train2014_000000491753.jpg,baaos,0.119058,boaos,0.109764,baaon,0.107681,baas,0.099626,boaon,0.099276,baan,0.096559,baans,0.095821,boans,0.092022,baaois,0.090757,boaros,0.089435
COCO_train2014_000000530081.jpg,soos,0.120685,roos,0.114364,sios,0.114133,rios,0.111871,coos,0.099247,ros,0.093019,seos,0.090603,sos,0.087058,soios,0.086116,ios,0.082905
COCO_train2014_000000211283.jpg,us,0.170269,ur,0.137394,ues,0.119905,ud,0.117914,uer,0.087510,ued,0.084800,ws,0.079593,uas,0.071351,uy,0.066926,wr,0.064337
COCO_train2014_000000194529.jpg,meon,0.131569,mecn,0.129566,meaon,0.109762,mecon,0.098397,meacn,0.097514,mcon,0.094052,mcn,0.087923,men,0.085777,meeon,0.084087,mean,0.081354
COCO_train2014_000000468970.jpg,cs,0.172107,ccs,0.151561,cc,0.119421,cos,0.106862,c,0.081641,cd,0.080054,ccd,0.077281,ces,0.075295,co,0.071534,ca,0.064243
COCO_train2014_000000106994.jpg,cprole,0.170171,cprofe,0.151338,gprole,0.139060,cprote,0.125657,gprofe,0.123671,gprote,0.102685,crole,0.052921,crofe,0.047064,cproie,0.044186,grole,0.043246
COCO_train2014_000000156084.jpg,eotig,0.117868,eotid,0.117091,eoti,0.112769,eotg,0.098350,eotd,0.097701,eoatig,0.097507,eoatid,0.096864,eoati,0.093289,eot,0.087202,eoatg,0.081361
COCO_train2014_000000524897.jpg,ereton,0.205902,breton,0.188741,erecton,0.106246,brecton,0.097390,ercton,0.082349,brcton,0.075486,eeton,0.067214,beton,0.061594,ereten,0.057540,ereto,0.057538
COCO_train2014_000000190086.jpg,aety,0.319085,aetvy,0.155543,aeiy,0.099907,rety,0.076210,aeity,0.066775,auety,0.065550,aiety,0.062587,anety,0.059235,aeivy,0.048820,alety,0.046288
COCO_train2014_000000218628.jpg,mncwees,0.119279,mncnees,0.119126,mncrees,0.110944,mnciwees,0.100657,mnckees,0.097581,mncinees,0.095946,mncweer,0.090945,mncneer,0.090829,mncirees,0.090102,mncreer,0.084590
COCO_train2014_000000437516.jpg,coons,0.153435,cons,0.134687,ccons,0.103152,cocns,0.101272,coond,0.093411,coonn,0.088186,coos,0.085144,cond,0.081997,conn,0.079522,caons,0.079195
COCO_train2014_000000306169.jpg,ry,0.156806,rey,0.119904,ky,0.113481,rsy,0.100818,riy,0.093271,key,0.090767,rry,0.090453,rty,0.085507,ksy,0.076767,kry,0.072227
COCO_train2014_000000163054.jpg,llue,0.200718,tlue,0.194754,lue,0.116474,tue,0.083134,blue,0.082055,hlue,0.075150,lle,0.074568,tle,0.070838,ilue,0.059485,elue,0.042824
COCO_train2014_000000345009.jpg,aoug,0.155846,aous,0.118137,aoig,0.113600,aoui,0.105374,aouh,0.100164,aolg,0.097255,aois,0.086113,aoii,0.076776,aols,0.073723,aoih,0.073012
COCO_train2014_000000186171.jpg,agasis,0.320059,aggsis,0.182711,agagis,0.117864,agaais,0.112488,agqsis,0.067974,agggis,0.067228,aggais,0.064273,agqgis,0.025028,agqais,0.023919,agaiis,0.018456
COCO_train2014_000000509914.jpg,gt,0.249639,gy,0.129946,gr,0.107028,gn,0.091413,gs,0.085757,st,0.083446,gtt,0.078903,g,0.061550,git,0.060835,et,0.051485
COCO_train2014_000000308600.jpg,caes,0.138085,vaes,0.126817,cases,0.114777,vases,0.105413,caed,0.102908,vaed,0.094511,cased,0.085538,cees,0.079949,vased,0.078560,taes,0.073440
COCO_train2014_000000229356.jpg,oononn,0.130995,oonnn,0.120144,ooninn,0.117687,oonnnn,0.107368,ooonn,0.105200,ooonnn,0.095264,oooinn,0.085203,ooinn,0.082660,oonon,0.078089,mononn,0.077391
COCO_train2014_000000206109.jpg,reneroploly,0.149171,reneropioly,0.126911,reeroploly,0.119683,reneroploy,0.109032,reneropioy,0.092761,reeroploy,0.087478,reeropioy,0.083705,reperoploy,0.079015,reeropioly,0.076636,reperopioy,0.075607
COCO_train2014_000000091482.jpg,ee,0.212367,ze,0.195832,te,0.128932,fe,0.074579,ge,0.072252,ece,0.071415,ce,0.071402,zce,0.066017,e,0.058391,es,0.048812
COCO_train2014_000000377467.jpg,c,0.178849,l,0.162660,,0.112370,g,0.102648,e,0.096063,t,0.083993,o,0.067495,lo,0.066946,b,0.064866,co,0.064111
COCO_train2014_000000087891.jpg,ter,0.247604,er,0.153821,cer,0.141704,ser,0.093141,eer,0.079246,tcr,0.074965,ier,0.059303,cr,0.057065,oer,0.048484,toer,0.044667
COCO_train2014_000000153394.jpg,ateanest,0.141213,ateanestt,0.129180,ateanst,0.110910,ateanstt,0.102243,atneanest,0.090120,ateaness,0.089152,aneanest,0.088703,ateanests,0.084893,atneanestt,0.082441,aneanestt,0.081145
COCO_train2014_000000222097.jpg,cmimn,0.127012,cmrmn,0.115993,cermn,0.104931,cmrin,0.096582,cnrmn,0.096178,pmrmn,0.093707,smrmn,0.093077,ermn,0.092391,cmin,0.091297,crmn,0.088832
COCO_train2014_000000455393.jpg,aequaicte,0.142913,aequaictd,0.118357,aequaicie,0.108014,aequalicte,0.105307,aequaictg,0.095054,aequaicid,0.089454,aequalictd,0.087212,aequaitte,0.087087,aequalicie,0.083977,aequalcte,0.082625
COCO_train2014_000000406034.jpg,cnieon,0.137538,ciieon,0.131094,cnien,0.105103,cinieon,0.103054,ciien,0.100958,cieon,0.100235,cniieon,0.086328,cineon,0.081028,cinien,0.079414,cnileon,0.075248
COCO_train2014_000000291898.jpg,aciin,0.120836,acinn,0.113974,acin,0.110486,actin,0.103764,acimn,0.103249,iciin,0.100685,icin,0.091279,ictin,0.086459,icimn,0.086022,acnin,0.083246
COCO_train2014_000000256755.jpg,crclott,0.124345,coclott,0.116351,cralott,0.114173,coalott,0.107028,crcslott,0.104893,cocslott,0.098090,craslott,0.095245,coaslott,0.089067,crclett,0.077909,coclett,0.072900
COCO_train2014_000000048789.jpg,ts,0.140885,bs,0.123167,cs,0.119192,zs,0.098348,tb,0.096388,ps,0.092887,bb,0.084262,es,0.082722,cb,0.081548,as,0.080600
COCO_train2014_000000100757.jpg,seiotecticn,0.148228,seiotecitcn,0.116782,seiotecticr,0.113743,seiotectitcn,0.102344,seiotecitcr,0.089612,seistectitcn,0.088992,seistecitcn,0.088702,seistecticn,0.086094,seigtectitcn,0.082886,seigtecitcn,0.082616
COCO_train2014_000000013528.jpg,angeles,0.934762,angieles,0.051903,angelies,0.003542,anceles,0.002208,angeies,0.001868,aangeles,0.001658,anseles,0.001359,angees,0.001106,anqeles,0.000835,andeles,0.000759
COCO_train2014_000000476701.jpg,grande,0.416954,grade,0.160841,granbe,0.115105,grane,0.068380,granbde,0.053724,granide,0.048571,grabe,0.044358,grandbe,0.040979,grae,0.026154,crande,0.024934
COCO_train2014_000000521203.jpg,mhg,0.175406,mg,0.148850,mag,0.126028,mng,0.121997,mhs,0.084817,ihg,0.080294,ms,0.071976,ig,0.068200,mho,0.061491,mas,0.060941
COCO_train2014_000000392035.jpg,rocr,0.150018,pocr,0.149339,rocrr,0.107439,pocrr,0.106953,ror,0.088671,por,0.088269,rocd,0.088263,pocd,0.087864,rocrd,0.066743,pocrd,0.066441
COCO_train2014_000000362309.jpg,dolion,0.224533,dolign,0.176908,bolion,0.096068,dolioh,0.084080,dolnion,0.081448,bolign,0.075691,dolio,0.069864,doligh,0.066246,dolnign,0.064172,doliion,0.060991
COCO_train2014_000000328270.jpg,tnoet,0.199476,troet,0.173469,inoet,0.091834,tonoet,0.086805,tnoey,0.085697,iroet,0.079837,troey,0.074524,toroet,0.074248,enoet,0.069995,pnoet,0.064116
COCO_train2014_000000427547.jpg,mneriny,0.107021,nneriny,0.105393,mnerins,0.103200,mnerity,0.101822,nnerins,0.101630,nnerity,0.100273,mnerits,0.098187,nnerits,0.096693,neriny,0.094579,nerins,0.091202
COCO_train2014_000000055288.jpg,troi,0.104744,trod,0.104696,trei,0.103604,tred,0.103378,trot,0.100570,troei,0.100088,tret,0.099476,troed,0.096200,troet,0.096099,trd,0.091145
COCO_train2014_000000017578.jpg,iiii,0.191664,iiiii,0.139625,iii,0.138217,iiil,0.101193,liii,0.090696,iiiil,0.075338,iil,0.069760,liiii,0.067188,lii,0.063287,eiii,0.063033
COCO_train2014_000000522834.jpg,ihtee,0.189570,itee,0.175016,mhtee,0.105879,iatee,0.102231,mtee,0.098209,irtee,0.087405,inhtee,0.062600,intee,0.062439,ihtce,0.059441,matee,0.057207
COCO_train2014_000000564837.jpg,smkg,0.139316,smkig,0.131816,smag,0.114071,smaig,0.110375,smrg,0.088207,smeg,0.087633,smrig,0.085288,smeig,0.082553,skg,0.081021,smlkg,0.079722
COCO_train2014_000000286368.jpg,tued,0.185556,cued,0.167673,turd,0.139498,curd,0.126049,tupd,0.083127,cupd,0.075115,tuzd,0.058573,tuetd,0.057843,tueh,0.053639,cuzd,0.052927
COCO_train2014_000000493505.jpg,anncniien,0.116014,ancniien,0.112764,nncniien,0.106167,annrniien,0.101524,anncndien,0.097196,ancndien,0.094473,anncniin,0.094177,anncaiien,0.093649,nnncniien,0.092499,ancniin,0.091538
COCO_train2014_000000353993.jpg,rneonensnnrinn,0.190497,rnenonensnnrinn,0.151278,rneonennnrinn,0.108108,rneonenonnrinn,0.100566,rneonansnnrinn,0.089454,rnenonennnrinn,0.085870,rnenonenonnrinn,0.079879,rnenonansnnrinn,0.071053,rneonensmnrinn,0.067649,rnednensnnrinn,0.055646
COCO_train2014_000000448623.jpg,ncncnen,0.157201,nncnen,0.129170,nancnen,0.116629,necncnen,0.113151,nencnen,0.099988,nncncnen,0.088616,ncnnen,0.082950,neancnen,0.078101,nnncnen,0.068965,nnnen,0.065228
COCO_train2014_000000180613.jpg,ausl,0.166158,ausil,0.143235,ausel,0.117039,ausi,0.116016,ausii,0.096094,ausiel,0.095887,ausei,0.080509,ausiei,0.064399,aul,0.061126,ausul,0.059536
COCO_train2014_000000118399.jpg,ts,0.174263,vs,0.155342,ns,0.102389,rs,0.099485,us,0.094265,ls,0.093244,is,0.088937,tos,0.071538,vos,0.063621,tus,0.056914
COCO_train2014_000000134302.jpg,or,0.133325,orr,0.125049,oe,0.119039,ore,0.115244,onr,0.095690,os,0.087186,one,0.084777,ors,0.084639,oer,0.078952,mr,0.076098
COCO_train2014_000000315732.jpg,igg,0.212549,zgg,0.147216,ggg,0.142927,egg,0.097256,ig6,0.093591,zg6,0.064823,igb,0.064684,gg6,0.062935,ig,0.057591,tgg,0.056430
COCO_train2014_000000487064.jpg,ses,0.156232,sees,0.132104,saes,0.107640,sres,0.096771,seg,0.087123,soes,0.084595,sess,0.084575,ees,0.084564,sss,0.083275,sses,0.083121
COCO_train2014_000000041074.jpg,iin,0.123672,nin,0.113374,ian,0.106676,ion,0.101215,iinn,0.099186,nan,0.094375,iran,0.092258,ninn,0.091171,ien,0.089118,non,0.088955
COCO_train2014_000000211811.jpg,ls,0.368978,ts,0.131750,ds,0.109325,as,0.074817,s,0.071486,cs,0.067926,es,0.063224,lls,0.056619,l,0.030233,lg,0.025643
COCO_train2014_000000522360.jpg,aly,0.154564,rly,0.147218,hly,0.135104,ay,0.101446,ry,0.097140,hy,0.093342,bly,0.073192,ely,0.071434,ily,0.065090,ly,0.061470
COCO_train2014_000000558634.jpg,ept,0.450497,cpt,0.227720,pt,0.097173,gpt,0.076547,apt,0.044676,tpt,0.026699,opt,0.025067,et,0.020022,spt,0.018094,epat,0.013505
COCO_train2014_000000207542.jpg,cemuy,0.164957,csmuy,0.125536,ceuy,0.098678,cmuy,0.094149,cemny,0.093763,crmuy,0.093097,cemusy,0.086587,cemuiy,0.086315,csuy,0.079115,cemuey,0.077802
COCO_train2014_000000025142.jpg,nsoognestss,0.126177,nsoognastss,0.121095,nsoognestiss,0.111817,nsoognastiss,0.107313,nsooenestss,0.095033,nscognestss,0.092178,nsooenastss,0.091206,nscognastss,0.088466,nsooenestiss,0.084217,nsoognestess,0.082497
COCO_train2014_000000144620.jpg,nstory,0.194969,wstory,0.159755,nistory,0.102303,mstory,0.090720,ustory,0.090080,wistory,0.085597,rstory,0.074654,istory,0.070954,nnstory,0.069251,wnstory,0.061717
COCO_train2014_000000246932.jpg,ba,0.220287,sa,0.163985,ea,0.101518,pa,0.093230,bs,0.086465,fa,0.073767,boa,0.071895,ss,0.064208,aa,0.062445,bba,0.062201
COCO_train2014_000000449082.jpg,ncg,0.241000,ncs,0.126086,neg,0.121566,mcg,0.078520,nog,0.077117,necg,0.075870,nccg,0.073696,ncd,0.071647,ncig,0.070898,nes,0.063600
COCO_train2014_000000138456.jpg,rachidh,0.878071,rachid,0.040710,rachidi,0.027791,rachida,0.012322,rachich,0.010119,rachidhh,0.008042,rachiddh,0.006852,rrachidh,0.006412,rachidlh,0.005444,rachicdh,0.004238
COCO_train2014_000000277331.jpg,eed,0.156629,aed,0.149553,ed,0.109471,red,0.104891,ped,0.100500,fed,0.094178,led,0.073314,ee,0.072671,eled,0.070465,ae,0.068329
COCO_train2014_000000109060.jpg,cs,0.275298,es,0.192380,ce,0.135332,cg,0.118822,ee,0.094476,eg,0.083033,ss,0.027819,cts,0.024511,gs,0.024344,c,0.023987
COCO_train2014_000000553051.jpg,seo,0.201309,beo,0.148057,sefo,0.108106,eeo,0.100271,so,0.087313,befo,0.079492,sbo,0.078091,feo,0.069233,bo,0.067966,sfo,0.060161
COCO_train2014_000000073941.jpg,loz,0.262584,lop,0.197994,doz,0.192367,dop,0.145049,oz,0.051099,op,0.038493,ioz,0.035808,iop,0.027014,toz,0.024823,1oz,0.024769
COCO_train2014_000000329553.jpg,woeins,0.143662,moeins,0.126116,doeins,0.113151,ooeins,0.109019,woenns,0.096537,moenns,0.085416,woeiens,0.084382,woens,0.084091,woeens,0.080955,doenns,0.076671
COCO_train2014_000000469975.jpg,ocinn,0.139347,ocnn,0.129051,ocann,0.123539,occinn,0.105846,occnn,0.093500,ocainn,0.088699,oncann,0.082624,oncnn,0.080051,icann,0.079300,oncinn,0.078044
COCO_train2014_000000088759.jpg,gnbio,0.212269,onbio,0.173744,anbio,0.143070,bnbio,0.088585,gnbia,0.085759,onbia,0.070195,ginbio,0.067634,anbia,0.057802,oinbio,0.055359,ainbio,0.045584
COCO_train2014_000000292294.jpg,tsnn,0.134685,tsann,0.131168,tsainn,0.107273,tsinn,0.106173,tsain,0.095740,tsin,0.093894,csnn,0.092514,csann,0.082670,csainn,0.078089,csinn,0.077793
COCO_train2014_000000393705.jpg,tpnal,0.154197,cpnal,0.131972,tpral,0.121698,cpral,0.104158,tapnal,0.097623,capnal,0.083510,tpal,0.081863,spnal,0.077887,tapral,0.077054,cpal,0.070039
COCO_train2014_000000193594.jpg,rnnnnn,0.145846,innnnn,0.117535,rinnnnn,0.110771,ronnnnn,0.103293,rnnann,0.089918,rnnnn,0.089452,rnninn,0.089054,rnnannn,0.086404,rnannn,0.084839,rnannnn,0.082887
COCO_train2014_000000358312.jpg,tk,0.223936,rk,0.117145,tg,0.115196,ik,0.112172,kk,0.097241,tc,0.083513,gk,0.069548,ta,0.063280,rg,0.060262,ig,0.057707
COCO_train2014_000000131564.jpg,nnaies,0.115646,nnies,0.113756,nnmaies,0.110092,nnmies,0.107814,nnnaies,0.107194,nnins,0.093644,nnains,0.091409,nnmins,0.088729,nnmains,0.087025,nnnains,0.084692
COCO_train2014_000000422029.jpg,lttes,0.172095,cttes,0.142127,lottes,0.108377,littes,0.106076,cottes,0.088328,lettes,0.088260,cittes,0.086682,cettes,0.071479,uttes,0.068791,lcttes,0.067785
COCO_train2014_000000392326.jpg,la,0.205648,ra,0.147035,ta,0.125545,lea,0.103357,ca,0.083027,rea,0.073998,ia,0.069925,lca,0.067553,tea,0.062673,laa,0.061238
COCO_train2014_000000432339.jpg,nenenininn,0.141473,neninininn,0.127369,nenenaninn,0.120188,neninaninn,0.108209,neneninenn,0.093488,nenanininn,0.085710,nenenineinn,0.084203,nenininenn,0.084167,nenenanenn,0.079386,neninineinn,0.075808
