COCO_train2014_000000413847.jpg,onlne,0.202397,onlene,0.170062,snlne,0.097318,onlane,0.087473,snlene,0.081767,onne,0.080991,onene,0.078010,onlny,0.071007,onlone,0.066861,onllne,0.064113
COCO_train2014_000000050912.jpg,seng,0.141574,ssng,0.112916,sing,0.108934,sng,0.105884,sang,0.100163,neng,0.095458,sesng,0.089640,scng,0.087296,ieng,0.080410,srng,0.077724
COCO_train2014_000000212974.jpg,seat,0.134413,sat,0.120259,saat,0.104354,siat,0.102733,snat,0.099490,ssat,0.095523,soat,0.094479,seas,0.090630,sas,0.081087,seet,0.077033
COCO_train2014_000000384520.jpg,trot,0.146770,tros,0.141743,tro,0.133126,tot,0.102186,tos,0.098661,to,0.092398,tror,0.074364,trt,0.073588,rrot,0.069777,rros,0.067388
COCO_train2014_000000379035.jpg,alitalia,0.437541,aitalia,0.363218,anitalia,0.079930,alicalia,0.031632,aicalia,0.026259,altalia,0.018875,antalia,0.012016,alntalia,0.011942,atalia,0.009595,auitalia,0.008994
COCO_train2014_000000539967.jpg,dn,0.137455,d,0.136601,dr,0.106714,n,0.105614,tn,0.090894,t,0.090835,,0.089828,a,0.083462,r,0.082001,in,0.076596
COCO_train2014_000000259434.jpg,mermy,0.318160,mery,0.288599,merny,0.090603,mermny,0.089124,merty,0.054572,mermty,0.052680,mormy,0.031120,mory,0.028215,meriy,0.023530,memy,0.023397
COCO_train2014_000000000036.jpg,c,0.176854,cn,0.127666,i,0.110706,u,0.096568,ct,0.095760,ci,0.093304,ce,0.080896,ca,0.079089,cu,0.069838,cl,0.069321
COCO_train2014_000000424816.jpg,ennnennt,0.150116,ennnennn,0.108086,ennnennnt,0.101985,snnnennt,0.100105,ennnenny,0.098056,mnnnennt,0.096246,annnennt,0.092455,ennennt,0.086103,ennnenns,0.084724,rnnnennt,0.082125
COCO_train2014_000000509914.jpg,gt,0.249638,gy,0.129948,gr,0.107028,gn,0.091411,gs,0.085757,st,0.083445,gtt,0.078903,g,0.061550,git,0.060835,et,0.051484
COCO_train2014_000000421613.jpg,tct,0.200188,tcct,0.144499,tcd,0.096343,tc,0.094067,tce,0.093899,tcr,0.090865,tcc,0.077212,tccd,0.070440,tcce,0.066909,tccr,0.065578
COCO_train2014_000000524935.jpg,hushectates,0.169331,hushectaties,0.130703,hushedtates,0.120866,hushectaies,0.097292,hushedtaties,0.097169,hushiectates,0.093465,hushecitates,0.079654,hushedtaies,0.072330,hushiectaties,0.069736,hushiedtates,0.069454
COCO_train2014_000000305638.jpg,gah,0.212308,gih,0.141537,gahh,0.137883,gaih,0.114658,gh,0.098599,rah,0.073868,ghh,0.064154,gihh,0.059777,rih,0.049243,rahh,0.047973
COCO_train2014_000000231373.jpg,toocd,0.238682,tocd,0.224894,loocd,0.098170,locd,0.093598,tooce,0.084107,toce,0.079576,tood,0.047794,toocl,0.047699,tocl,0.044944,togcd,0.040537
COCO_train2014_000000201114.jpg,iacid,0.137734,iatid,0.116310,iacia,0.113386,iacif,0.106724,iacie,0.106192,iatia,0.095750,iatif,0.090124,iatie,0.089675,iacd,0.073783,iadid,0.070321
COCO_train2014_000000475626.jpg,ircis,0.166400,irois,0.126880,ircs,0.114475,crcis,0.100167,itrcis,0.090461,ircirs,0.089514,iros,0.087287,icrcis,0.079463,crois,0.076377,itrois,0.068977
COCO_train2014_000000254011.jpg,sn,0.232863,san,0.199337,srn,0.196714,sran,0.102850,snn,0.060908,sen,0.048704,sgn,0.046224,sern,0.038702,srrn,0.037695,sean,0.036001
COCO_train2014_000000028336.jpg,dr,0.156830,d,0.135721,da,0.128618,de,0.120637,dn,0.101896,dre,0.081137,dra,0.080359,di,0.077091,ds,0.059073,dm,0.058637
COCO_train2014_000000524130.jpg,nnninn,0.151320,inninn,0.125644,nnininn,0.120937,nnnninn,0.116477,innninn,0.090303,inininn,0.087274,nnaninn,0.083627,nnnnn,0.075463,nneninn,0.075089,nninn,0.073865
COCO_train2014_000000565886.jpg,aoiy,0.157865,aoin,0.139349,aoily,0.095354,aciy,0.094886,aaoiy,0.092607,poiy,0.085351,aoiiy,0.084916,aoiln,0.084170,acin,0.083757,aaoin,0.081745
COCO_train2014_000000329817.jpg,jailam,0.132154,jilam,0.131333,jaikam,0.127834,jikam,0.127040,jrilam,0.089785,jrikam,0.086850,jarilam,0.082074,jarikam,0.079391,jailem,0.071993,jilem,0.071546
COCO_train2014_000000276168.jpg,e,0.195622,ne,0.148838,,0.126899,n,0.117104,p,0.091634,np,0.071269,ae,0.068655,me,0.067369,a,0.059645,s,0.052963
COCO_train2014_000000507166.jpg,st,0.376581,s,0.252308,si,0.112351,stt,0.055580,stc,0.043210,stz,0.041040,sc,0.032518,sz,0.030885,sit,0.030788,stv,0.024740
COCO_train2014_000000409653.jpg,g,0.456449,t,0.126210,i,0.104190,b,0.068279,l,0.051767,,0.049129,gs,0.039949,gi,0.039496,f,0.032519,gt,0.032012
COCO_train2014_000000150646.jpg,ue,0.182128,ne,0.171469,we,0.103989,e,0.103237,u,0.099251,n,0.094693,re,0.075763,oe,0.056835,w,0.056700,ues,0.055935
COCO_train2014_000000563545.jpg,cracen,0.184588,crace,0.159027,craces,0.120933,eracen,0.086960,cracn,0.081892,cracer,0.079105,craen,0.076696,erace,0.074954,crac,0.069763,crae,0.066081
COCO_train2014_000000564589.jpg,pozr,0.196492,povzr,0.128879,por,0.121487,yozr,0.099235,pozy,0.083646,povr,0.082647,powzr,0.078615,potzr,0.076376,potr,0.067533,yovzr,0.065089
COCO_train2014_000000080203.jpg,blgge,0.141116,blgg,0.123964,olgge,0.110120,blgga,0.103115,olgg,0.096735,blge,0.093863,bgge,0.085408,blga,0.083370,blsge,0.081843,olgga,0.080466
COCO_train2014_000000001308.jpg,flole,0.155729,flale,0.125355,floe,0.122389,flae,0.098527,floae,0.087894,fleae,0.085807,floale,0.083059,fleale,0.081099,fhoe,0.080360,flee,0.079781
COCO_train2014_000000276077.jpg,ceen,0.177728,ceren,0.123333,cee,0.100083,deen,0.098660,ceeen,0.098421,celen,0.094543,een,0.081477,aeen,0.080229,reen,0.073216,cere,0.072309
COCO_train2014_000000493454.jpg,tati,0.212462,trati,0.151681,tath,0.143508,trath,0.102453,tatt,0.098266,tratt,0.070154,sati,0.067751,cati,0.059546,srati,0.048355,sath,0.045824
COCO_train2014_000000214892.jpg,hlkuscom,0.327437,blkuscom,0.220625,flkuscom,0.151520,plkuscom,0.064404,hakuscom,0.053443,elkuscom,0.044561,bakuscom,0.036065,hekuscom,0.036054,tlkuscom,0.034658,lkuscom,0.031232
COCO_train2014_000000292294.jpg,tsann,0.148062,tsainn,0.120457,csann,0.105032,tsnn,0.103035,tsain,0.094265,tsinn,0.091381,csainn,0.091374,sann,0.087003,tann,0.080555,csnn,0.078836
COCO_train2014_000000158051.jpg,livin,0.838699,livir,0.052188,liwin,0.021874,hivin,0.019161,bivin,0.018085,livit,0.013146,liivin,0.012680,livi,0.009435,livim,0.009320,iivin,0.005413
COCO_train2014_000000459372.jpg,tad,0.286301,taid,0.226162,tafd,0.084377,fad,0.084120,faid,0.065831,tafid,0.064992,rad,0.061323,raid,0.047989,sad,0.040465,pad,0.038441
COCO_train2014_000000095241.jpg,ucdining,0.128370,icdining,0.120049,ucdning,0.115313,ccdining,0.111815,ecdining,0.107983,icdning,0.107838,ccdning,0.080145,ucdininy,0.078075,ecdning,0.077398,icdininy,0.073014
COCO_train2014_000000352107.jpg,io,0.199118,lo,0.192967,ro,0.123980,is,0.091176,ls,0.088351,to,0.073335,i,0.063124,l,0.060332,rs,0.056766,ioi,0.050850
COCO_train2014_000000161228.jpg,cits,0.140367,aits,0.115869,crts,0.103523,crits,0.102512,crats,0.099334,cats,0.089658,ciats,0.089350,crais,0.087993,cnits,0.086849,arits,0.084545
COCO_train2014_000000383090.jpg,annein,0.169856,annnein,0.125625,annnin,0.120652,annin,0.118550,annenn,0.087835,annen,0.085170,annnn,0.081799,anein,0.072581,amnnein,0.071897,annnen,0.066034
COCO_train2014_000000253332.jpg,xkbi,0.253797,kbi,0.155462,kkbi,0.154336,xlkbi,0.095448,xbi,0.079120,klkbi,0.056670,xkbt,0.055981,akbi,0.052314,xikbi,0.051621,kxkbi,0.045253
COCO_train2014_000000536286.jpg,lg,0.204160,ag,0.177311,rg,0.122770,dg,0.116736,ls,0.077231,as,0.067121,lh,0.062746,ly,0.058413,ig,0.057446,l,0.056066
COCO_train2014_000000391652.jpg,trams,0.983852,irams,0.012574,tirams,0.001534,traims,0.000627,triams,0.000481,tranms,0.000294,trrams,0.000210,lrams,0.000148,trawms,0.000142,tramws,0.000138
COCO_train2014_000000294718.jpg,bs,0.219490,b,0.168275,bo,0.136402,be,0.114490,bes,0.083663,br,0.074400,ba,0.070116,bn,0.053726,beo,0.048588,bc,0.030852
COCO_train2014_000000155386.jpg,cret,0.171245,crer,0.131291,croet,0.101597,cet,0.099190,crst,0.099066,creet,0.083934,coet,0.083785,croer,0.077893,cer,0.076047,crsr,0.075952
COCO_train2014_000000118399.jpg,ts,0.168551,vs,0.158782,us,0.111548,is,0.093787,ls,0.092060,ns,0.090330,rs,0.087642,tos,0.069092,vos,0.065023,cs,0.063185
COCO_train2014_000000327338.jpg,foes,0.346010,fes,0.184304,fos,0.176063,fs,0.090554,foees,0.049441,poes,0.042839,fees,0.034535,fooes,0.029405,foess,0.023519,foas,0.023330
COCO_train2014_000000407930.jpg,epromed,0.125767,eproued,0.116000,eproned,0.105669,epromer,0.099560,eproted,0.098895,eproaed,0.098670,eprouer,0.091829,eprotmed,0.089295,cpromed,0.089147,eprooed,0.085170
COCO_train2014_000000351033.jpg,s,0.425517,e,0.107378,sw,0.095310,c,0.083848,sv,0.078286,i,0.049925,t,0.049123,sp,0.044169,l,0.038496,si,0.027948
COCO_train2014_000000486586.jpg,ig,0.340514,is,0.174449,ib,0.100671,ia,0.088866,ie,0.080887,i,0.068152,if,0.059893,tg,0.040479,iq,0.023045,it,0.023043
COCO_train2014_000000154879.jpg,nnnninn,0.149025,nnnnnn,0.142250,nnninn,0.110688,nnnnn,0.103541,nnnnnnn,0.098011,nnnnninn,0.093643,mnnnnn,0.078085,innnnn,0.077057,nmnnnn,0.075347,mnnninn,0.072352
COCO_train2014_000000503520.jpg,tah,0.126777,ta,0.125900,ti,0.115242,tih,0.111748,tai,0.102631,th,0.097349,taih,0.087934,tia,0.086681,t,0.073579,taa,0.072159
COCO_train2014_000000087027.jpg,,0.147081,n,0.137045,l,0.115267,y,0.106368,d,0.095342,k,0.090383,h,0.081143,u,0.078218,dn,0.077923,t,0.071230
COCO_train2014_000000018952.jpg,iins,0.128186,iios,0.118854,iiis,0.114674,iis,0.098694,oins,0.097443,oiis,0.090837,iois,0.090453,iiins,0.088743,iits,0.088534,ins,0.083583
COCO_train2014_000000219752.jpg,saed,0.140134,sed,0.133127,seed,0.126366,sred,0.114406,red,0.091604,ced,0.080753,saeed,0.080253,raed,0.079334,laed,0.077547,caed,0.076476
COCO_train2014_000000485499.jpg,nrtin,0.132073,nrtinn,0.114782,nnrtin,0.112773,nnrtinn,0.097483,nntin,0.097272,nratin,0.097244,natin,0.093191,nnatin,0.085599,nntinn,0.085285,nratinn,0.084296
COCO_train2014_000000318299.jpg,neisons,0.281179,nelsons,0.233476,nelisons,0.131411,nesons,0.099748,netsons,0.087692,netisons,0.060142,neigons,0.036695,nelgons,0.030470,neilsons,0.022041,neligons,0.017145
COCO_train2014_000000299544.jpg,aness,0.262898,anes,0.153951,aess,0.094448,anesc,0.090634,anese,0.086328,anness,0.069305,aniess,0.065001,dness,0.062880,oness,0.059246,aes,0.055308
COCO_train2014_000000564503.jpg,criterion,0.309329,crirerion,0.200404,criteion,0.128621,crireion,0.083329,oriterion,0.068938,cryiterion,0.052249,criverion,0.050041,orirerion,0.044663,cryirerion,0.033802,oriteion,0.028624
COCO_train2014_000000245638.jpg,nenenin,0.159125,nenanin,0.120325,nanenin,0.105988,nencnin,0.104585,nenienin,0.090352,nnenin,0.088301,nenenion,0.086439,nengnin,0.085454,nananin,0.081724,nenianin,0.077707
COCO_train2014_000000483795.jpg,wren,0.161604,wrn,0.121344,nren,0.101293,wrren,0.095959,nrn,0.092234,wrrn,0.089084,wrin,0.088963,mren,0.088385,wrnen,0.080613,wrnn,0.080521
COCO_train2014_000000443790.jpg,totr,0.164127,tote,0.128981,tolr,0.110677,tott,0.108774,tor,0.088668,tole,0.086977,tootr,0.085956,toetr,0.077143,toe,0.074467,tot,0.074229
COCO_train2014_000000350549.jpg,se,0.156642,sen,0.131730,sn,0.107377,see,0.103456,set,0.089226,ser,0.086278,st,0.084145,s,0.083707,ses,0.079832,sle,0.077608
COCO_train2014_000000510531.jpg,nsnapr,0.167016,nnapr,0.165793,nsnaph,0.120965,nnaph,0.120080,nsnapt,0.091721,nnapt,0.091050,napr,0.069155,nsapr,0.068832,nsnapi,0.052888,nnapi,0.052501
COCO_train2014_000000410245.jpg,spans,0.208716,sparns,0.127894,sans,0.127492,spang,0.119895,sarns,0.078123,sparng,0.073468,sang,0.073237,spanns,0.071210,spains,0.066574,spars,0.053392
COCO_train2014_000000496065.jpg,vist,0.670398,visi,0.130660,wist,0.058512,vish,0.054431,vst,0.023984,list,0.023825,jist,0.011446,wisi,0.011404,tist,0.008046,visz,0.007295
COCO_train2014_000000459166.jpg,nereaen,0.200655,nersaen,0.126538,neraen,0.107339,nareaen,0.096099,nercaen,0.093920,neeaen,0.088736,nereaten,0.077158,noreaen,0.071216,neneaen,0.069941,nereaer,0.068398
COCO_train2014_000000212271.jpg,ces,0.155440,cgs,0.104318,cs,0.102295,cos,0.096178,cegs,0.095129,cees,0.092456,coes,0.090870,ccs,0.090706,css,0.086966,cogs,0.085642
COCO_train2014_000000402207.jpg,ancven,0.119375,acven,0.115946,ancen,0.112942,acen,0.109698,ancveon,0.101397,acveon,0.098485,anceon,0.095934,aceon,0.093178,ancvon,0.076889,ancnen,0.076156
COCO_train2014_000000460413.jpg,illcs,0.186459,illcr,0.140733,illes,0.116699,ilcs,0.106423,illce,0.090033,iller,0.088081,ilcr,0.080324,iles,0.066607,imllcs,0.062900,ilics,0.061739
COCO_train2014_000000486101.jpg,lrnna,0.185819,lronna,0.162779,rnna,0.110150,ronna,0.096501,lranna,0.094603,lrina,0.092203,lroina,0.078081,lrmnna,0.068959,ranna,0.056274,rina,0.054631
COCO_train2014_000000249804.jpg,te,0.233681,be,0.200017,ie,0.159413,he,0.077714,e,0.061577,fe,0.060104,me,0.055531,t,0.054882,ee,0.052300,b,0.044781
COCO_train2014_000000010434.jpg,eissriye,0.218044,eissrye,0.174464,eissrie,0.137361,eissriie,0.091268,einssriye,0.078605,einssrye,0.062894,eissrlye,0.062303,eissrle,0.060963,eissaiye,0.057812,eissrile,0.056287
COCO_train2014_000000186171.jpg,agasis,0.320433,aggsis,0.180195,agagis,0.117949,agaais,0.115495,agqsis,0.067214,agggis,0.066272,aggais,0.065006,agqgis,0.024737,agqais,0.024256,agaiis,0.018444
COCO_train2014_000000231126.jpg,ooong,0.128778,ooonn,0.123578,ononn,0.106115,onong,0.106024,oooong,0.096839,onoong,0.092529,oooonn,0.088297,oonn,0.088202,oong,0.085170,onoonn,0.084468
COCO_train2014_000000563250.jpg,tees,0.148638,tgees,0.127118,teees,0.123473,teee,0.107341,tsees,0.101400,tgeee,0.088889,teeee,0.081384,tgeees,0.076010,taees,0.073300,tes,0.072448
COCO_train2014_000000135744.jpg,a,0.153643,,0.129954,e,0.108589,c,0.106788,i,0.091818,s,0.091607,r,0.087636,n,0.084706,ae,0.074635,o,0.070624
COCO_train2014_000000412824.jpg,doooos,0.143711,dooos,0.130457,ioooos,0.099081,iooos,0.096237,moooos,0.095153,mooos,0.091070,dopoos,0.089018,dooios,0.086079,oooos,0.084691,doopos,0.084503
COCO_train2014_000000203054.jpg,ser,0.150359,srr,0.122329,srer,0.108334,seer,0.099922,sar,0.097435,sir,0.092631,sr,0.092072,sor,0.080174,seir,0.079297,srir,0.077445
COCO_train2014_000000353993.jpg,rnenonensnnrinn,0.159448,rnenonennnrinn,0.131874,rneonensnnrinn,0.118736,rneonennnrinn,0.109286,rnenonenonnrinn,0.094355,rnennensnnrinn,0.085241,rnennennnrinn,0.078457,rneonenonnrinn,0.078193,rnenonansnnrinn,0.075194,rnenonannnrinn,0.069216
COCO_train2014_000000335110.jpg,lg,0.332455,ig,0.195969,jg,0.155701,ug,0.079753,bg,0.050729,g,0.045810,lig,0.037867,gg,0.035621,lsg,0.033528,hg,0.032567
COCO_train2014_000000036639.jpg,cancreg,0.116305,cangreg,0.114046,capcreg,0.102491,dancreg,0.101072,capgreg,0.100500,dangreg,0.099109,lancreg,0.095455,langreg,0.093600,dapcreg,0.089067,cncreg,0.088355
COCO_train2014_000000344644.jpg,mhetrospaines,0.129278,mhertrospaines,0.108985,mhetrospines,0.108947,mhutrospaines,0.102391,mhetrospained,0.101195,mhetrospanes,0.099153,mhertrospines,0.091845,mhurtrospaines,0.086608,mhutrospines,0.086288,mhertrospained,0.085310
COCO_train2014_000000399308.jpg,ertreeg,0.144793,erireeg,0.114234,erteeeg,0.109850,etreeg,0.103657,erteeg,0.103425,ertereeg,0.087351,eireeg,0.087309,erieeeg,0.086444,erteoeeg,0.083583,eortreeg,0.079354
COCO_train2014_000000367462.jpg,chia,0.187586,china,0.166162,chima,0.143083,chisa,0.126843,chiaa,0.095719,chaia,0.063170,chis,0.057878,chaina,0.055940,chita,0.054011,chins,0.049609
COCO_train2014_000000518859.jpg,ryt,0.216161,rt,0.212183,rys,0.110498,rs,0.107511,ry,0.077309,ryy,0.062404,fyt,0.061554,ft,0.060693,ryn,0.046369,rn,0.045318
COCO_train2014_000000353460.jpg,cois,0.126851,cos,0.115305,cas,0.106600,cis,0.105116,coas,0.103375,coes,0.100994,ces,0.092770,cons,0.086849,ccs,0.082974,cais,0.079166
COCO_train2014_000000038198.jpg,oncines,0.161163,onines,0.136553,onnines,0.094825,oncies,0.091262,onciies,0.090465,onnies,0.087874,rnnines,0.085177,cnnines,0.084661,oniies,0.084604,oncinen,0.083416
COCO_train2014_000000267680.jpg,ps,0.138886,pe,0.120602,pos,0.106765,pes,0.102629,pr,0.101056,prs,0.096729,pas,0.086991,po,0.082853,ms,0.082526,me,0.080964
COCO_train2014_000000193623.jpg,ry,0.213975,riy,0.126723,ly,0.118076,by,0.116799,ey,0.096992,rty,0.074385,biy,0.069155,liy,0.068921,hy,0.057623,eiy,0.057351
COCO_train2014_000000073814.jpg,tans,0.156365,tains,0.127581,tars,0.120498,tais,0.120167,tas,0.108411,tarns,0.091317,trns,0.074716,fans,0.072850,tairs,0.068029,taos,0.060066
COCO_train2014_000000108266.jpg,assenicllva,0.164485,assenicllv,0.150277,assenicllvs,0.127299,assenticllva,0.088901,nssenicllva,0.084830,assenticllv,0.081221,assenicllya,0.081116,nssenicllv,0.077502,asseniclly,0.075566,assenticllvs,0.068802
COCO_train2014_000000246920.jpg,lalon,0.130703,laln,0.112172,balon,0.111297,laton,0.100882,lrlon,0.097988,baln,0.095514,laion,0.093663,lain,0.087690,baton,0.085905,lrln,0.084186
COCO_train2014_000000255306.jpg,aiopilce,0.146135,aiopilee,0.125603,aiepilce,0.114985,aicpilce,0.111655,aiopile,0.099397,aiepilee,0.098829,aicpilee,0.095968,aiepile,0.078209,aicpile,0.075945,aiopllce,0.053273
COCO_train2014_000000049143.jpg,cg,0.184226,rg,0.122665,ceg,0.121782,cd,0.098442,tg,0.096850,cog,0.096024,reg,0.080670,cc,0.068100,rd,0.065858,ced,0.065383
COCO_train2014_000000536433.jpg,iiiiil,0.162865,iiiil,0.135835,iitiil,0.121860,iitiiil,0.103167,iiniil,0.100470,iiniiil,0.092820,iiiiiil,0.091989,iiiiit,0.069513,iiitiil,0.060962,iiiiih,0.060518
COCO_train2014_000000143758.jpg,alconr,0.120594,alcorr,0.119930,algonr,0.117703,algorr,0.117055,alcotr,0.100177,algotr,0.097776,aalconr,0.082911,aalcorr,0.082453,aalgonr,0.080924,aalgorr,0.080477
COCO_train2014_000000131172.jpg,coisn,0.144241,coinn,0.132285,coidsn,0.115513,coiasn,0.113729,coinsn,0.092126,coidasn,0.089433,coiann,0.082596,coinnn,0.082008,coidnn,0.074523,coien,0.073545
COCO_train2014_000000493407.jpg,esn,0.174090,ssn,0.172445,sesn,0.104714,eesn,0.098146,essn,0.080055,sen,0.077133,fsn,0.074519,sosn,0.073365,sssn,0.072770,sasn,0.072764
COCO_train2014_000000046002.jpg,hi,0.247562,hg,0.156767,hoi,0.121443,hai,0.080594,hog,0.079221,hpi,0.073818,hii,0.071919,hd,0.067168,hag,0.052981,hpg,0.048527
COCO_train2014_000000443397.jpg,wran,0.142034,nran,0.121870,uran,0.119344,wan,0.105855,vran,0.103012,nan,0.091554,uan,0.089325,iran,0.079292,van,0.078137,wrang,0.069575
COCO_train2014_000000466664.jpg,hmh,0.126840,himh,0.126260,hah,0.122673,hih,0.113483,hiah,0.104072,hamh,0.098394,hh,0.082555,hoh,0.081491,homh,0.072672,hioh,0.071561
COCO_train2014_000000437607.jpg,ininn,0.133145,irinn,0.132863,nninn,0.119155,nrinn,0.112515,iinn,0.089265,innn,0.087385,irnn,0.083309,irninn,0.082037,ninn,0.081456,nrnn,0.078870
COCO_train2014_000000381261.jpg,nins,0.135349,niins,0.121126,nains,0.109306,nnins,0.109032,nrins,0.097565,ntins,0.096687,ninn,0.094284,iins,0.081412,ntns,0.077625,nrns,0.077615
COCO_train2014_000000239400.jpg,twier,0.163883,twer,0.162487,twrer,0.110006,tver,0.108403,tvier,0.108254,twien,0.080223,twen,0.079539,tvrer,0.075526,twver,0.057831,twren,0.053849
COCO_train2014_000000197950.jpg,stall,0.493620,stal,0.421045,stali,0.023585,stai,0.019574,stail,0.015786,stalll,0.006090,stalh,0.005751,sta,0.005659,stah,0.004731,staill,0.004160
COCO_train2014_000000490511.jpg,pnss,0.182503,pss,0.167429,prss,0.100328,poss,0.093852,pess,0.081774,ponss,0.081554,pns,0.077853,psns,0.075571,psss,0.073736,pnsrs,0.065400
COCO_train2014_000000556500.jpg,vamaha,0.783388,yamaha,0.079120,vamaka,0.048099,wamaha,0.042348,vanaha,0.010960,gamaha,0.010085,vamama,0.008980,camaha,0.006472,tamaha,0.005738,yamaka,0.004809
COCO_train2014_000000518199.jpg,nndatus,0.197111,nndatuts,0.171222,nneatus,0.133412,nneatuts,0.115889,nnatus,0.083526,nnatuts,0.072556,wndatus,0.062841,nnedatus,0.058253,wndatuts,0.054587,nnedatuts,0.050602
COCO_train2014_000000036498.jpg,loin,0.304518,lon,0.157865,lein,0.104234,roin,0.100287,coin,0.064526,voin,0.059399,laoin,0.054794,len,0.054044,ron,0.051989,loir,0.048345
COCO_train2014_000000517430.jpg,g,0.664520,go,0.097441,t,0.040591,gs,0.040063,gu,0.037530,,0.028017,c,0.026076,gg,0.024390,ge,0.021659,ga,0.019712
COCO_train2014_000000257807.jpg,wr,0.178211,w,0.148045,wn,0.118616,wer,0.106008,we,0.097507,ws,0.082039,wa,0.074868,war,0.069865,wen,0.067119,wsr,0.057722
COCO_train2014_000000399585.jpg,ilotat,0.125033,iletat,0.119496,ilocat,0.108922,ilecat,0.104099,olotat,0.101057,oletat,0.096582,ilatat,0.092263,olocat,0.088036,olecat,0.084137,ilacat,0.080374
COCO_train2014_000000317283.jpg,conttos,0.144843,conttus,0.125910,cnttos,0.106748,contos,0.097921,contts,0.093838,cnttus,0.092793,conntos,0.085408,contus,0.085112,canttos,0.084461,sonttos,0.082968
COCO_train2014_000000514825.jpg,soutreen,0.125145,scutreen,0.124154,seutreen,0.120589,sourtreen,0.110671,scurtreen,0.109795,seurtreen,0.106642,soutveen,0.076481,scutveen,0.075876,soutteen,0.075623,scutteen,0.075025
COCO_train2014_000000099952.jpg,wermns,0.250713,wermans,0.164002,wermins,0.143924,wvermns,0.100531,wermains,0.088252,wvermans,0.065786,werrmns,0.058742,wvermins,0.055258,werrmans,0.038423,woermns,0.034370
COCO_train2014_000000394713.jpg,cae,0.221611,ce,0.191238,ae,0.087599,sae,0.086368,gae,0.085238,ge,0.075130,se,0.074631,eae,0.065244,ee,0.061787,e,0.051154
COCO_train2014_000000071735.jpg,soin,0.135157,coin,0.127245,cin,0.117323,sain,0.114711,sin,0.113568,cain,0.101958,sein,0.081644,cein,0.076832,son,0.067680,con,0.063881
COCO_train2014_000000285891.jpg,sg,0.230069,sy,0.132368,g,0.123460,cg,0.106967,sb,0.101597,y,0.071360,sz,0.068154,cy,0.061549,b,0.054266,xg,0.050210
COCO_train2014_000000235177.jpg,aroetts,0.131981,arroetts,0.107563,aroets,0.106849,araetts,0.103560,rroetts,0.100917,acroetts,0.094770,aoroetts,0.092158,arraetts,0.087746,croetts,0.087373,arroets,0.087082
COCO_train2014_000000202829.jpg,os,0.235027,ps,0.213949,s,0.158706,vs,0.076168,as,0.075894,cs,0.055027,ds,0.052950,js,0.048012,us,0.042539,ws,0.041728
COCO_train2014_000000265173.jpg,arr,0.120226,arn,0.116910,aro,0.115012,rr,0.098103,air,0.096749,rrn,0.093973,rrr,0.091221,rro,0.090226,rn,0.089235,ain,0.088346
COCO_train2014_000000523553.jpg,ioestagy,0.199476,ioestrgy,0.176352,loestagy,0.146273,loestrgy,0.129316,oestagy,0.070703,ioestfgy,0.066793,oestrgy,0.062507,toestagy,0.052865,loestfgy,0.048979,toestrgy,0.046737
COCO_train2014_000000094618.jpg,crnciicon,0.187622,cenciicon,0.183657,cerciicon,0.094128,crrciicon,0.093281,crnciicn,0.077449,cenciicn,0.075807,crnciicnn,0.073592,cenciicnn,0.072036,crnciion,0.071983,cenciion,0.070445
COCO_train2014_000000359472.jpg,mti,0.133264,mtl,0.124839,wti,0.116561,mth,0.114861,wtl,0.109192,wth,0.100465,mnti,0.080106,mtt,0.075443,mntl,0.075042,wnti,0.070228
COCO_train2014_000000145411.jpg,ico,0.176739,icio,0.155085,icc,0.125504,icic,0.113590,ict,0.079934,ici,0.073913,icit,0.073437,pco,0.072639,iaco,0.066997,pcio,0.062162
COCO_train2014_000000050913.jpg,idnin,0.134898,idnnn,0.117206,idinn,0.105551,idnn,0.104211,indnin,0.100341,iddnin,0.092162,idin,0.090772,indnnn,0.086525,idinin,0.084879,adnin,0.083454
COCO_train2014_000000447520.jpg,rerurar,0.146762,erurar,0.120769,rerural,0.115696,reruras,0.100424,reruror,0.098965,erural,0.095205,eruras,0.082638,eruror,0.081437,rerrar,0.080088,rerurol,0.078016
COCO_train2014_000000075477.jpg,iret,0.187705,irel,0.138026,ireh,0.134698,irt,0.096028,irey,0.088318,lret,0.077584,irei,0.072595,irl,0.070852,irh,0.069127,hret,0.065067
COCO_train2014_000000005294.jpg,cc,0.139788,cac,0.121968,ec,0.119088,co,0.104184,eac,0.104183,cco,0.085495,ccd,0.084162,eo,0.082519,cao,0.079671,c,0.078941
COCO_train2014_000000571141.jpg,oclio,0.195842,oclic,0.186252,ocio,0.178888,ocic,0.170217,oiclio,0.060520,oiclic,0.057544,oicio,0.055309,oicic,0.052590,oclig,0.022382,ocig,0.020455
COCO_train2014_000000183212.jpg,wen,0.140876,nen,0.136437,wn,0.119249,nn,0.114690,wes,0.095179,nes,0.092180,ws,0.085128,ns,0.082886,won,0.067739,non,0.065636
COCO_train2014_000000576799.jpg,mnlrssn,0.145614,mnlssn,0.116443,mnlrssy,0.110375,mnlrsssn,0.107598,mlrssn,0.097296,mnlsssn,0.096079,mnlssy,0.086791,mnlrsssy,0.083228,mnldssn,0.080342,mlssn,0.076234
COCO_train2014_000000036068.jpg,rerad,0.126913,reroad,0.108418,perad,0.107150,reoad,0.105749,peoad,0.097528,rroad,0.097041,proad,0.094787,reorad,0.089990,prerad,0.086804,rerod,0.085622
COCO_train2014_000000057138.jpg,naro,0.164897,nato,0.156613,maro,0.127202,mato,0.120820,naao,0.101562,maao,0.078350,nabo,0.073040,narro,0.066096,mabo,0.056346,naeo,0.055074
COCO_train2014_000000312199.jpg,un,0.191922,uan,0.189938,in,0.150001,ian,0.148441,nn,0.120399,nan,0.119226,ua,0.024598,u,0.019594,ia,0.019225,n,0.016657
COCO_train2014_000000406142.jpg,g,0.362096,c,0.138250,gc,0.129676,e,0.119194,ge,0.051938,cc,0.047278,ec,0.041893,z,0.039865,t,0.035161,gi,0.034649
COCO_train2014_000000389183.jpg,rres,0.298136,rrs,0.148263,rrees,0.139533,res,0.104177,rrers,0.070401,rees,0.050435,rreis,0.049493,rs,0.047621,rrrs,0.046881,rries,0.045059
COCO_train2014_000000099443.jpg,ces,0.164761,cees,0.149411,cens,0.142382,cns,0.094395,ceas,0.089087,cers,0.080758,cenes,0.074214,cs,0.070148,cas,0.070020,cnes,0.064825
COCO_train2014_000000061779.jpg,aan,0.150548,can,0.133578,aann,0.103736,an,0.099300,fan,0.098527,cann,0.092850,ean,0.086702,aain,0.084053,cain,0.075551,ann,0.075155
COCO_train2014_000000049738.jpg,hb,0.145864,lb,0.141689,hh,0.109380,lh,0.106259,ha,0.101656,la,0.098747,hg,0.090696,lg,0.088100,h,0.064331,l,0.053278
COCO_train2014_000000222441.jpg,deos,0.172599,doos,0.157064,dos,0.147680,deois,0.118926,doois,0.108218,dois,0.101756,peos,0.049689,deons,0.049667,deols,0.049074,deots,0.045327
COCO_train2014_000000138434.jpg,urcy,0.142207,orcy,0.118931,uroy,0.112266,urty,0.106864,ocy,0.099765,orty,0.093201,oroy,0.085653,ucy,0.085099,urecy,0.078437,uoy,0.077578
COCO_train2014_000000109738.jpg,ooenoocos,0.107889,onenoocos,0.106983,ooenooors,0.105336,onenooors,0.104457,ooencoocos,0.103929,onencoocos,0.103099,ooenoooes,0.098591,onenoooes,0.097772,ooenoocors,0.086335,onenoocors,0.085610
COCO_train2014_000000025616.jpg,coscr,0.186280,cosc,0.169517,coecr,0.137155,coec,0.124813,coscn,0.090983,coecn,0.066989,toscr,0.065984,tosc,0.060046,coscrn,0.049651,toecr,0.048583
COCO_train2014_000000361939.jpg,mateigler,0.129567,mnteigler,0.123202,nateigler,0.112382,nnteigler,0.108911,mategler,0.098113,mntegler,0.093520,nategler,0.085307,mareigler,0.084245,nntegler,0.082672,mateiger,0.082082
COCO_train2014_000000024792.jpg,rnonoeean,0.162222,rnnoeean,0.144352,ronoeean,0.120229,rnoeean,0.114338,rnoncoeean,0.099532,rnooeean,0.089705,rnncoeean,0.088881,rnononeean,0.064091,rnonoeeann,0.059412,rnnoneean,0.057238
COCO_train2014_000000156461.jpg,nnminiaen,0.108170,nnminiaes,0.107822,nniniaen,0.101388,nniniaes,0.101062,nnminiin,0.100651,nnminiis,0.100328,nnminien,0.095987,nnminies,0.095679,nniniin,0.094608,nniniis,0.094304
COCO_train2014_000000311615.jpg,j,0.311946,jn,0.153308,ja,0.106261,l,0.081450,d,0.070058,jd,0.069117,n,0.058479,,0.054990,jan,0.050498,p,0.043894
COCO_train2014_000000539098.jpg,nony,0.118060,nons,0.116668,noiny,0.103131,noins,0.101916,niny,0.100939,nins,0.099749,noiy,0.096357,nois,0.095222,noany,0.084478,noans,0.083482
COCO_train2014_000000487645.jpg,tipes,0.186790,tipee,0.134187,tines,0.105784,fipes,0.094993,tirpes,0.091618,tires,0.090473,tinpes,0.086103,tinee,0.075993,fipee,0.068241,tirpee,0.065817
COCO_train2014_000000134849.jpg,toisnss,0.182944,tooisnss,0.154837,ioisnss,0.116025,iooisnss,0.098186,toisns,0.093137,tooisns,0.078827,tnoisnss,0.073692,toisinss,0.072552,toisonss,0.067435,tmoisnss,0.062365
COCO_train2014_000000363014.jpg,zck,0.153709,tck,0.144312,eck,0.126842,mck,0.115855,zk,0.086983,hck,0.084284,ack,0.078132,tk,0.075729,ek,0.074729,mk,0.059425
COCO_train2014_000000005755.jpg,rie,0.266538,re,0.245831,rfe,0.117583,rife,0.088844,hie,0.073820,he,0.068118,fie,0.040180,fe,0.038447,hfe,0.032585,rib,0.028052
COCO_train2014_000000463753.jpg,ceris,0.114005,cers,0.107891,seris,0.105237,cerss,0.102873,sers,0.099593,ceeris,0.097363,serss,0.094960,ceriss,0.093664,ceers,0.092909,seeris,0.091505
COCO_train2014_000000262662.jpg,cyclists,0.946582,cvyclists,0.015920,cyvclists,0.011240,eyclists,0.008631,cycliets,0.004958,cyiclists,0.004569,cyxclists,0.002745,oyclists,0.002305,cyclaists,0.001599,cyclsts,0.001452
COCO_train2014_000000154373.jpg,res,0.151600,bes,0.123344,rs,0.117618,ree,0.104130,bs,0.092925,ues,0.089944,bee,0.084728,re,0.082972,es,0.078370,ees,0.074369
COCO_train2014_000000252022.jpg,cans,0.113878,sans,0.113535,cas,0.110230,sas,0.108793,sae,0.100248,cae,0.097500,cane,0.093743,sane,0.093480,caas,0.084418,saas,0.084176
COCO_train2014_000000570078.jpg,ges,0.169585,gets,0.163833,ces,0.147176,cets,0.142150,ees,0.069623,eets,0.067046,gies,0.065539,giets,0.063306,cies,0.056839,ciets,0.054903
COCO_train2014_000000153749.jpg,satn,0.190346,seatn,0.152882,aatn,0.096572,sat,0.096456,siatn,0.089614,sabn,0.081125,aeatn,0.077563,seat,0.077472,seiatn,0.070173,statn,0.067797
COCO_train2014_000000027513.jpg,glman,0.214842,glmn,0.141906,glmrn,0.104971,glmian,0.097852,gman,0.087273,glmnn,0.085167,glmoan,0.071599,glmon,0.071319,glmin,0.067476,gmn,0.057597
COCO_train2014_000000015976.jpg,disrealed,0.123922,disraled,0.114101,disraheed,0.109323,disrahled,0.108693,disraleed,0.103573,disrealeed,0.092627,diorealed,0.088374,disreheed,0.087687,dioraheed,0.086150,disreled,0.085551
COCO_train2014_000000442997.jpg,h,0.149254,ha,0.147145,i,0.124763,ia,0.122326,p,0.085310,m,0.084485,ma,0.083205,pa,0.082277,b,0.062016,ba,0.059218
COCO_train2014_000000038681.jpg,g,0.231664,gi,0.206542,gg,0.141199,ggi,0.124336,gt,0.101164,ggt,0.061071,gb,0.040806,ga,0.036788,gbi,0.035739,gga,0.020692
COCO_train2014_000000442332.jpg,lnets,0.142340,lnnets,0.124261,lanets,0.116960,lneis,0.102831,lnetg,0.095744,lnneis,0.089885,laneis,0.084569,lnnetg,0.083584,lannets,0.081153,lanetg,0.078673
COCO_train2014_000000319990.jpg,airfrance,0.596538,arfrance,0.209742,airfranice,0.041174,airifrance,0.036203,airerance,0.035003,airtrance,0.018978,atirfrance,0.017555,airfrancg,0.015234,airprance,0.015135,arfranice,0.014438
COCO_train2014_000000112553.jpg,buntfed,0.137363,butfed,0.135786,buntfe,0.098936,butfe,0.097800,buntfd,0.097360,butfd,0.096242,buntfen,0.085310,butfen,0.084330,duntfed,0.083917,dutfed,0.082954
COCO_train2014_000000345024.jpg,innmon,0.136526,innon,0.133452,inmon,0.112424,nnnon,0.100526,innnon,0.100118,nnmon,0.092157,nnnmon,0.088318,inomon,0.079793,inon,0.079644,inonon,0.077042
COCO_train2014_000000144994.jpg,wcoan,0.116970,wcoay,0.109084,wcoat,0.105750,wcoran,0.101835,wcoean,0.098618,wcopan,0.096520,wcoray,0.094970,wcpan,0.092218,wcorat,0.092067,wcoeay,0.091969
COCO_train2014_000000002007.jpg,l,0.199672,t,0.177286,lt,0.152542,,0.093442,lf,0.091743,tt,0.081428,f,0.068857,i,0.054770,tf,0.048984,it,0.031275
COCO_train2014_000000014319.jpg,fanng,0.136524,fang,0.118551,hanng,0.111279,eanng,0.103270,panng,0.096840,hang,0.096630,eang,0.089686,tanng,0.089332,pang,0.082128,tang,0.075761
COCO_train2014_000000383438.jpg,aee,0.311850,aepe,0.174668,aef,0.094398,aehe,0.072966,abe,0.071028,bee,0.064865,aer,0.064478,zee,0.054253,aepf,0.052106,ae,0.039388
COCO_train2014_000000399262.jpg,irswigh,0.223241,irsigh,0.161536,irswich,0.143262,irsich,0.103664,rrswigh,0.074105,trswigh,0.069783,iswigh,0.065378,irsmigh,0.054916,rrsigh,0.053622,trsigh,0.050494
COCO_train2014_000000517005.jpg,res,0.134335,ces,0.124987,raes,0.118884,tes,0.114826,caes,0.110601,rtes,0.088639,taes,0.088584,ctes,0.082727,ues,0.068960,ttes,0.067458
COCO_train2014_000000292157.jpg,nnninn,0.140812,nninn,0.127298,nnnion,0.110312,nniinn,0.099531,nnnin,0.098888,nnion,0.091896,nininn,0.088368,nnininn,0.083130,nniion,0.080313,nnnninn,0.079454
COCO_train2014_000000178491.jpg,coaais,0.124034,eoaais,0.109441,soaais,0.105023,coaas,0.103123,coaaes,0.102227,caais,0.094562,coaaiy,0.093100,eoaas,0.091494,ceaais,0.089621,soaas,0.087375
COCO_train2014_000000330472.jpg,annan,0.137263,annnn,0.126546,annmn,0.107928,annn,0.106835,annin,0.102671,annnan,0.101134,annnmn,0.086300,annian,0.086203,annann,0.072985,annnnn,0.072136
COCO_train2014_000000251315.jpg,tolacy,0.142174,tolary,0.118168,iolacy,0.112569,aolacy,0.106043,tolaicy,0.097193,iolary,0.093562,aolary,0.088138,tolaacy,0.087816,rolacy,0.077387,iolaicy,0.076951
COCO_train2014_000000097053.jpg,gossff,0.220121,giossff,0.192000,eossff,0.096808,aossff,0.085438,eiossff,0.084442,aiossff,0.074432,gossft,0.066217,kossff,0.065556,giossft,0.057758,kiossff,0.057229
COCO_train2014_000000033471.jpg,zos,0.181808,mos,0.161119,xos,0.127349,aos,0.120924,ros,0.087121,zs,0.076482,ms,0.067823,zois,0.065627,mois,0.058159,xs,0.053588
COCO_train2014_000000427154.jpg,sons,0.175095,sos,0.168786,tons,0.134526,tos,0.129690,sois,0.085570,sots,0.067880,tois,0.062231,os,0.059181,ons,0.058716,song,0.058325
COCO_train2014_000000425187.jpg,crcens,0.129912,crcins,0.119828,crcrns,0.115539,ccens,0.113315,ccins,0.104590,ccrns,0.100734,crcns,0.089478,croens,0.077578,ccns,0.077412,crctns,0.071615
COCO_train2014_000000525101.jpg,g,0.170956,gp,0.168910,gf,0.144745,c,0.103559,cp,0.102260,gi,0.093850,cf,0.087631,ci,0.056819,ge,0.041538,e,0.029731
COCO_train2014_000000006332.jpg,ienes,0.125072,iees,0.121655,inenes,0.116299,inees,0.112334,ieenes,0.111063,ieees,0.101581,ineenes,0.081459,iiees,0.080129,iienes,0.078018,ineees,0.072390
COCO_train2014_000000373414.jpg,ccgtabe,0.150434,ecgtabe,0.148673,rcgtabe,0.133360,pcgtabe,0.132347,cgtabe,0.080414,acgtabe,0.079321,ccatabe,0.073296,ecatabe,0.072439,rcatabe,0.065105,pcatabe,0.064611
COCO_train2014_000000480666.jpg,orainn,0.115858,nrainn,0.115409,orain,0.108356,nrain,0.107936,oirainn,0.095788,osrainn,0.094270,oirain,0.092648,osrain,0.091179,nirainn,0.090766,nirain,0.087790
COCO_train2014_000000139211.jpg,rnnenaren,0.135005,rnneraren,0.105031,mnnenaren,0.103682,rnnenaen,0.102109,nnnenaren,0.099426,mnneraren,0.093797,rnneraen,0.092374,mnnenaen,0.091187,nnneraren,0.089947,nnnenaen,0.087444
COCO_train2014_000000409433.jpg,eoniteo,0.148051,eoiteo,0.133738,eonieo,0.114164,eoieo,0.102760,eonireo,0.093207,eoiieo,0.088780,eoniten,0.085753,eoireo,0.084188,eoiten,0.077463,eoriteo,0.071897
COCO_train2014_000000488547.jpg,bateee,0.110113,batees,0.108056,beteee,0.107212,betees,0.105209,bateer,0.103293,beteer,0.100572,cateee,0.093479,catees,0.091731,ceteee,0.091018,cetees,0.089316
COCO_train2014_000000413360.jpg,onizskaied,0.128302,onizskaed,0.125111,onizskaid,0.110692,onizskad,0.106179,onizsraied,0.098080,onizsraed,0.095641,onizsfaied,0.086176,onizsraid,0.084618,onizsfaed,0.084033,onizsrad,0.081168
COCO_train2014_000000230236.jpg,nnninn,0.158829,nninn,0.140680,nnnnn,0.132944,nnnn,0.098816,nnnnnn,0.098187,nnnninn,0.091333,nininn,0.077441,nninnn,0.070522,ninnn,0.067375,naninn,0.063873
COCO_train2014_000000256380.jpg,mes,0.209730,ms,0.134362,nes,0.127365,mos,0.102054,mas,0.100889,ns,0.081574,nos,0.061974,aes,0.061374,nas,0.061268,hes,0.059411
COCO_train2014_000000258073.jpg,mel,0.216328,miel,0.182091,mell,0.173143,miell,0.145740,mnel,0.060320,mmel,0.052160,mnell,0.048278,mmiel,0.042642,mmell,0.041748,me,0.037549
COCO_train2014_000000285913.jpg,menieann,0.134550,menmiann,0.115459,menienn,0.114388,menmieann,0.104814,meniiann,0.095995,menmienn,0.093492,menimiann,0.091587,meniann,0.083932,menimieann,0.082959,meniieann,0.082824
COCO_train2014_000000171607.jpg,t,0.155216,ti,0.153577,ta,0.129587,tt,0.125563,tai,0.110827,tat,0.097327,tm,0.061642,to,0.057489,i,0.055491,ii,0.053282
COCO_train2014_000000457530.jpg,noiis,0.109369,noois,0.106492,noins,0.104763,noiin,0.104717,nois,0.104080,noin,0.103669,nooin,0.102922,nocis,0.088530,noinn,0.088364,noios,0.087095
COCO_train2014_000000350510.jpg,sresd,0.151836,sesd,0.131510,siesd,0.109942,seesd,0.092013,siresd,0.091985,seed,0.091812,sreed,0.089570,saesd,0.088012,srerd,0.079616,sraesd,0.073703
COCO_train2014_000000056849.jpg,ha,0.186532,ia,0.160431,hg,0.142261,ig,0.122390,hea,0.074038,h,0.064616,iea,0.063655,he,0.062405,ma,0.062381,heg,0.061291
COCO_train2014_000000116607.jpg,recanig,0.269949,recpnig,0.146579,cecanig,0.099259,racanig,0.090519,recanie,0.079778,mecanig,0.079626,recbnig,0.077243,cecpnig,0.053898,recenig,0.052740,recanir,0.050408
COCO_train2014_000000088582.jpg,toid,0.127347,tod,0.125676,tond,0.110214,tood,0.109111,toind,0.102774,toond,0.095050,tsid,0.084511,poid,0.083292,pod,0.082189,toiod,0.079836
COCO_train2014_000000193077.jpg,nenrennn,0.132575,nennennn,0.111975,nenrenn,0.105759,nenrernn,0.102673,nenreann,0.097900,nenrernnn,0.094591,nennernn,0.091401,nenernn,0.091046,nnrernn,0.087492,nenneann,0.084588
COCO_train2014_000000502116.jpg,cod,0.274972,co,0.130142,coo,0.101049,cd,0.088605,cood,0.087621,co0,0.084896,2od,0.084095,zod,0.058504,eod,0.050322,2o,0.039793
COCO_train2014_000000086530.jpg,aaay,0.251173,raay,0.196008,aaa,0.086628,aaaay,0.083501,aiaay,0.079391,raaay,0.068228,raa,0.067584,riaay,0.061961,anaay,0.054065,aaan,0.051462
COCO_train2014_000000296540.jpg,uglrrals,0.143630,uglrorals,0.118372,uglrdrals,0.114119,uglrarals,0.108644,lglrrals,0.105520,lglrorals,0.086499,dglrrals,0.084757,lglrdrals,0.084248,lglrarals,0.080203,uglrralis,0.074008
COCO_train2014_000000248610.jpg,nsinanen,0.134146,nssinanen,0.123284,nsinnen,0.104663,nsinnnen,0.101772,nsininen,0.097695,nssinnen,0.096080,nssinnnen,0.092344,nssininen,0.089784,nsinenen,0.080819,nnsinanen,0.079413
COCO_train2014_000000128405.jpg,coses,0.137993,coees,0.130625,coaes,0.116645,coes,0.112096,cooes,0.099400,coens,0.083340,cees,0.081520,cses,0.080752,cosens,0.079976,caes,0.077652
COCO_train2014_000000073610.jpg,cear,0.180630,ear,0.152441,cpar,0.135091,par,0.112896,lear,0.093231,tear,0.072353,zear,0.071518,lpar,0.069752,tcear,0.057773,fear,0.054314
COCO_train2014_000000184858.jpg,logerscom,0.304005,iogerscom,0.228747,lgerscom,0.109496,aogerscom,0.092172,igerscom,0.082391,dogerscom,0.041745,hogerscom,0.041384,mogerscom,0.041006,agerscom,0.033010,bogerscom,0.026044
COCO_train2014_000000514064.jpg,rasrl,0.141116,rasrel,0.129534,rsrl,0.116385,rsrel,0.106979,dasrl,0.092525,dasrel,0.084935,rasl,0.084928,asrl,0.084304,masrl,0.080328,rasil,0.078966
COCO_train2014_000000379034.jpg,ay,0.201871,aay,0.143440,aiy,0.123176,cy,0.105008,cay,0.080848,ey,0.079518,aoy,0.073601,ciy,0.066821,dy,0.066225,eay,0.059493
COCO_train2014_000000547767.jpg,yiannis,0.944155,yianis,0.023622,yyiannis,0.015667,yirannis,0.005540,yhiannis,0.002922,yiannjis,0.002376,yiamnnis,0.002021,fiannis,0.001324,yfiannis,0.001243,yiarnnis,0.001129
COCO_train2014_000000444783.jpg,bed,0.125086,bsd,0.113562,beg,0.111615,bsg,0.101332,bee,0.099362,be,0.095577,bse,0.094672,bd,0.094021,bg,0.085743,bea,0.079030
COCO_train2014_000000050151.jpg,fe,0.168549,fei,0.139725,fa,0.111742,feh,0.101346,fai,0.088703,feu,0.087051,f,0.084153,e,0.077941,fi,0.074065,fee,0.066725
COCO_train2014_000000019927.jpg,guinness,0.187795,gcinness,0.142634,cuinness,0.133846,tuinness,0.128588,ccinness,0.101582,tcinness,0.097663,ginness,0.069987,cinness,0.049934,tinness,0.047937,gtinness,0.040034
COCO_train2014_000000169321.jpg,g,0.270220,e,0.127962,c,0.101508,,0.100176,z,0.083123,s,0.075636,3,0.065155,r,0.061673,b,0.057403,gz,0.057144
COCO_train2014_000000238618.jpg,ap,0.183197,wp,0.145661,ag,0.134836,ay,0.115427,wg,0.107208,wy,0.091778,up,0.074486,ug,0.054823,uy,0.046628,alp,0.045956
COCO_train2014_000000100468.jpg,ndes,0.261169,nndes,0.150450,endes,0.132401,des,0.082912,enndes,0.077216,edes,0.066755,nedes,0.065237,ondes,0.064539,andes,0.049835,nes,0.049484
COCO_train2014_000000029894.jpg,pc,0.167352,po,0.148574,gc,0.135691,go,0.120467,ec,0.119636,eo,0.106213,pg,0.064474,gg,0.052275,eg,0.046091,c,0.039228
COCO_train2014_000000260604.jpg,ainsranes,0.149100,aninsranes,0.123460,ainsrines,0.112199,ainsrnes,0.104703,aninsrines,0.092904,aoinsranes,0.089385,aninsrnes,0.086683,ainsnanes,0.081583,ainsrants,0.080057,ainsranis,0.079928
COCO_train2014_000000418964.jpg,lalcs,0.160947,aalcs,0.125370,ualcs,0.107989,salcs,0.107545,lalgs,0.106903,balcs,0.085347,aalgs,0.083272,calcs,0.078232,malcs,0.072667,ualgs,0.071727
COCO_train2014_000000232322.jpg,nsef,0.238879,nsee,0.194011,nef,0.098458,nsep,0.097907,nee,0.080241,nsecf,0.068076,nsf,0.061442,nse,0.059406,nsece,0.055174,nbef,0.046406
COCO_train2014_000000367058.jpg,weno,0.125384,wtno,0.114774,weao,0.113268,wtao,0.103683,wfno,0.098936,reno,0.093000,eeno,0.091325,wfao,0.089376,rtno,0.085130,wend,0.085124
COCO_train2014_000000296978.jpg,annnninn,0.199318,annnnninn,0.154211,annninn,0.117992,annnnnnn,0.095944,annnnnn,0.094485,annnininn,0.079749,anninninn,0.074269,annininn,0.071051,annmnninn,0.057874,annninnn,0.055107
