COCO_train2014_000000413847.jpg,bmlis,0.121359,bmls,0.120686,bnlis,0.111564,bnls,0.110946,smlis,0.090761,smls,0.090257,dmlis,0.089158,bmles,0.088933,dmls,0.088639,bmlns,0.087698
COCO_train2014_000000050912.jpg,siy,0.131238,sisy,0.122294,sey,0.117240,siey,0.111460,siiy,0.108147,sesy,0.097581,seiy,0.088068,soiy,0.077608,ssy,0.077458,siesy,0.068906
COCO_train2014_000000212974.jpg,dsssy,0.118388,dsssd,0.117742,dasssy,0.109238,dasssd,0.108642,disssy,0.107241,disssd,0.106655,dssss,0.089339,dassss,0.082369,dissss,0.080802,dssssy,0.079584
COCO_train2014_000000384520.jpg,tcg,0.125648,tcs,0.123089,ttg,0.119113,tog,0.117468,tts,0.116735,tos,0.115065,tcig,0.073511,tcis,0.072302,toig,0.069103,tois,0.067968
COCO_train2014_000000379035.jpg,alitalia,0.373943,aitalia,0.340077,altalia,0.106484,alitalid,0.047864,aitalid,0.043530,aiitalia,0.025946,mlitalia,0.017196,ajitalia,0.015738,mitalia,0.015593,altalid,0.013630
COCO_train2014_000000539967.jpg,sd,0.241511,ssd,0.122451,ad,0.115372,sed,0.100283,dd,0.096690,ss,0.070330,md,0.067507,sld,0.063341,wd,0.062475,asd,0.060040
COCO_train2014_000000259434.jpg,rerrs,0.371505,rers,0.225805,nerrs,0.095840,perrs,0.084491,ners,0.058251,pers,0.051356,rerrrs,0.037596,res,0.033283,rorrs,0.022117,rprrs,0.019756
COCO_train2014_000000000036.jpg,is,0.139742,i,0.120729,s,0.112581,e,0.101290,es,0.099490,ir,0.095146,r,0.091297,ie,0.084826,ii,0.079489,rs,0.075410
COCO_train2014_000000424816.jpg,cnannaannn,0.134332,enannaannn,0.127746,rnannaannn,0.124141,cnannannn,0.091844,cnannaann,0.091396,enannannn,0.090220,rnannannn,0.087691,cnannaanan,0.087567,enannaann,0.082938,enannaanan,0.082125
COCO_train2014_000000509914.jpg,s,0.181451,sy,0.168816,t,0.100620,st,0.098143,sn,0.096319,g,0.078240,gy,0.071149,ty,0.070303,y,0.069503,c,0.065458
COCO_train2014_000000421613.jpg,fi,0.184362,f,0.167718,ti,0.100042,t,0.098850,i,0.090082,ii,0.083644,ft,0.081124,fe,0.073952,fc,0.063437,fr,0.056789
COCO_train2014_000000524935.jpg,hushwokeks,0.116441,hunshwokeks,0.112033,hushookeks,0.110097,hunshookeks,0.105930,hushwokoks,0.100244,hunshwokoks,0.096450,hushookoks,0.094781,hunshookoks,0.091193,hnshwokeks,0.086631,hushwokks,0.086200
COCO_train2014_000000305638.jpg,ss,0.269956,ks,0.168518,fs,0.108481,s,0.097138,xs,0.085503,rs,0.068343,sss,0.067711,gs,0.059039,kss,0.045891,fss,0.029421
COCO_train2014_000000231373.jpg,tol,0.225538,tool,0.210475,rol,0.091034,tod,0.088983,rool,0.084538,tood,0.083043,tos,0.059684,toos,0.055700,fol,0.050920,col,0.050085
COCO_train2014_000000201114.jpg,sase,0.304093,sae,0.144962,sasl,0.101452,sast,0.091618,aase,0.069336,sale,0.063185,saie,0.062697,case,0.054683,saxe,0.054137,salse,0.053837
COCO_train2014_000000475626.jpg,ctoe,0.169747,cotoe,0.149362,ctod,0.136030,cotod,0.119694,ctoz,0.079893,ctop,0.075302,cotoz,0.070298,ctor,0.070114,cotop,0.066259,ccoe,0.063302
COCO_train2014_000000254011.jpg,sey,0.148568,sy,0.141626,sry,0.138005,sery,0.090791,siy,0.088315,sny,0.085310,sty,0.084564,suy,0.082694,say,0.075251,sury,0.064876
COCO_train2014_000000028336.jpg,t,0.175760,tn,0.157210,tr,0.134287,to,0.105560,ta,0.085017,te,0.083218,ti,0.080079,tm,0.061528,tp,0.061010,trn,0.056331
COCO_train2014_000000524130.jpg,mond,0.109860,mnnd,0.109579,mnid,0.109113,monid,0.103911,mnod,0.098942,onnd,0.098848,mnad,0.098182,onid,0.094508,iond,0.092942,innd,0.084115
COCO_train2014_000000565886.jpg,hoe,0.134735,hoey,0.134571,hoel,0.129408,hoely,0.118855,hoes,0.088662,hoie,0.084396,hoiey,0.079911,foe,0.079779,foey,0.079682,hoiel,0.070000
COCO_train2014_000000329817.jpg,jhasm,0.177192,jhsm,0.132036,jasm,0.108427,jhas,0.098745,jhzsm,0.098541,thasm,0.087879,jhs,0.079141,jhism,0.074060,jhasmi,0.073429,thsm,0.070550
COCO_train2014_000000276168.jpg,he,0.211778,ha,0.183301,h,0.154116,te,0.103547,ta,0.089626,t,0.075213,hs,0.047671,hn,0.046549,hu,0.045410,ho,0.042790
COCO_train2014_000000507166.jpg,s,0.246315,se,0.191865,ss,0.137628,st,0.112769,sr,0.109495,sc,0.064033,sz,0.044819,sx,0.037581,so,0.030596,sh,0.024898
COCO_train2014_000000409653.jpg,so,0.463770,sa,0.109715,io,0.079044,s,0.065339,sc,0.062110,no,0.054183,se,0.049743,ao,0.043830,o,0.043677,sp,0.028588
COCO_train2014_000000150646.jpg,ls,0.270301,le,0.158268,hs,0.138011,ps,0.095333,he,0.080910,rs,0.056942,bs,0.056556,pe,0.055886,is,0.045691,ks,0.042101
COCO_train2014_000000563545.jpg,cis,0.147890,cts,0.145915,cs,0.110289,cris,0.095229,crs,0.094949,ctis,0.088422,cies,0.083682,cns,0.082839,ces,0.075897,cits,0.074889
COCO_train2014_000000564589.jpg,yt,0.163532,ys,0.152545,yk,0.115747,y,0.108146,kt,0.098390,ks,0.093037,k,0.071321,kk,0.069512,yts,0.068962,ytt,0.058809
COCO_train2014_000000080203.jpg,s,0.192366,ss,0.132328,sr,0.126440,sy,0.101170,sx,0.093256,a,0.090193,srs,0.072100,as,0.065670,si,0.063925,ar,0.062553
COCO_train2014_000000001308.jpg,elsas,0.133104,elss,0.124910,flsas,0.122584,flss,0.115037,elsae,0.090431,elses,0.086736,else,0.085391,flsae,0.083284,flses,0.079881,flse,0.078642
COCO_train2014_000000276077.jpg,eaies,0.123154,caies,0.120490,aaies,0.112078,eaiees,0.097801,eies,0.097103,caiees,0.095687,aies,0.094699,cies,0.092793,aaiees,0.089000,eiees,0.077195
COCO_train2014_000000493454.jpg,ti,0.183860,tl,0.130176,tb,0.119542,t,0.119285,ii,0.085276,td,0.082836,fi,0.079187,i,0.074427,ts,0.064724,il,0.060685
COCO_train2014_000000214892.jpg,hkusco,0.316465,hkuscon,0.277856,hkuscom,0.177060,hkuscomn,0.056498,ekusco,0.031046,hlkusco,0.030549,hxusco,0.030056,ekuscon,0.027258,hlkuscon,0.026822,hxuscon,0.026389
COCO_train2014_000000292294.jpg,sg,0.203647,sy,0.152893,slg,0.115771,seg,0.090111,sly,0.086951,sc,0.083391,sig,0.071784,sey,0.067679,sag,0.066585,sk,0.061187
COCO_train2014_000000158051.jpg,fivin,0.293125,fvin,0.260005,livin,0.076535,lvin,0.067837,iivin,0.065424,ivin,0.059749,hivin,0.051169,hvin,0.045205,fivir,0.041861,fivit,0.039092
COCO_train2014_000000459372.jpg,savid,0.211716,sarvid,0.152147,satvid,0.141482,sanvid,0.120039,svid,0.076863,saxvid,0.070293,sovid,0.060877,savfid,0.060370,said,0.056026,savd,0.050188
COCO_train2014_000000095241.jpg,coony,0.136347,koony,0.116632,woony,0.106102,cony,0.103714,cxoony,0.103352,ooony,0.097570,cxony,0.090998,oony,0.087109,cooey,0.079163,kony,0.079013
COCO_train2014_000000352107.jpg,s,0.131751,rs,0.116905,x,0.114502,ks,0.108417,rx,0.101366,kx,0.094025,r,0.090876,k,0.084464,ss,0.080282,ps,0.077411
COCO_train2014_000000161228.jpg,arts,0.130169,aras,0.118375,arats,0.115274,arais,0.114023,aris,0.110943,ars,0.095943,ards,0.079964,ardts,0.079580,aros,0.078470,anrts,0.077260
COCO_train2014_000000383090.jpg,iupaten,0.116521,iipaten,0.107295,iuraten,0.103815,iuaaten,0.100108,iupaean,0.099438,inpaten,0.095988,uipaten,0.095128,iiraten,0.095023,iuaten,0.093352,iiaten,0.093333
COCO_train2014_000000253332.jpg,aabct,0.140305,cabct,0.132210,calbct,0.121083,aalbct,0.119188,eabct,0.085644,caabct,0.082836,aaabct,0.081779,calabct,0.079998,aalabct,0.078746,ealbct,0.078211
COCO_train2014_000000536286.jpg,k,0.161064,r,0.134992,s,0.132056,x,0.101250,kx,0.095069,,0.086149,y,0.079710,rx,0.079346,ky,0.068271,sx,0.062094
COCO_train2014_000000391652.jpg,trams,0.891127,irams,0.068441,frams,0.022500,lrams,0.008044,tramns,0.002499,rams,0.001663,tranms,0.001470,jrams,0.001452,rrams,0.001425,hrams,0.001380
COCO_train2014_000000294718.jpg,l,0.235937,ls,0.136775,b,0.117599,la,0.112602,lx,0.103573,d,0.075811,bs,0.067656,ba,0.055447,bx,0.051286,ds,0.043315
COCO_train2014_000000155386.jpg,oss,0.140948,obss,0.137731,ogss,0.104744,mss,0.097038,mbss,0.095451,osr,0.091164,obsr,0.089084,sss,0.086568,sbss,0.084324,css,0.072948
COCO_train2014_000000118399.jpg,is,0.371551,hs,0.122589,ks,0.104221,as,0.083874,fs,0.069072,iis,0.063121,ts,0.049581,its,0.047537,ls,0.046733,s,0.041721
COCO_train2014_000000327338.jpg,fes,0.382624,fs,0.222983,fees,0.139697,ies,0.071876,is,0.041903,fses,0.037819,fss,0.028978,iees,0.026102,hes,0.024942,foes,0.023077
COCO_train2014_000000407930.jpg,pprenid,0.115163,ppprenid,0.112325,pppronid,0.106824,pperenid,0.103276,ppronid,0.101064,pperonid,0.099004,ppreonid,0.098053,pprtonid,0.089184,ppprtonid,0.088557,pprtenid,0.086550
COCO_train2014_000000351033.jpg,sy,0.352138,ty,0.126117,fy,0.120941,cy,0.115931,ly,0.070693,y,0.053980,syy,0.043995,gy,0.043845,iy,0.037065,yy,0.035296
COCO_train2014_000000486586.jpg,gs,0.211168,fs,0.133678,ys,0.120172,s,0.104691,ggs,0.083681,js,0.080475,ps,0.080014,fgs,0.069217,ygs,0.062277,2s,0.054627
COCO_train2014_000000154879.jpg,iond,0.114022,ionad,0.111629,nond,0.109273,innd,0.102487,cond,0.101635,ioad,0.097813,inad,0.094929,mond,0.091949,cnnd,0.088835,inod,0.087426
COCO_train2014_000000503520.jpg,ty,0.244489,y,0.213653,ry,0.121490,sy,0.090793,ay,0.068346,xy,0.061246,yy,0.059493,txy,0.048744,tyy,0.048115,gy,0.043630
COCO_train2014_000000087027.jpg,mss,0.167265,ass,0.142624,ms,0.120158,as,0.102693,iss,0.092954,ss,0.091241,msx,0.074229,sss,0.072779,jss,0.068138,is,0.067918
COCO_train2014_000000018952.jpg,mong,0.149653,moong,0.127684,momng,0.120273,moing,0.095738,monlg,0.092932,mmng,0.087654,monng,0.084605,moang,0.083720,moeng,0.082517,mons,0.075224
COCO_train2014_000000219752.jpg,sey,0.200971,sy,0.131875,siey,0.102406,sel,0.092212,siy,0.085513,sly,0.085486,saey,0.082302,seey,0.076595,sney,0.072518,say,0.070122
COCO_train2014_000000485499.jpg,mld,0.111891,old,0.104462,mod,0.104143,mlg,0.103034,cld,0.101260,olg,0.096193,cod,0.096132,mog,0.095899,mokd,0.093740,clg,0.093245
COCO_train2014_000000318299.jpg,neisons,0.707773,neisoins,0.056787,meisons,0.055861,neisors,0.040804,nfisons,0.036952,ieisons,0.029115,neisonts,0.025927,neisonrs,0.019343,nesons,0.014708,neisois,0.012730
COCO_train2014_000000299544.jpg,uniee,0.119768,iniee,0.118065,tniee,0.108632,unee,0.097644,unies,0.097401,inee,0.096524,inies,0.096016,umiee,0.089126,tnee,0.088478,tnies,0.088345
COCO_train2014_000000564503.jpg,caiterion,0.220649,criterion,0.218600,cfiterion,0.165524,cairerion,0.077072,crirerion,0.076356,cfirerion,0.057817,caitefion,0.047681,critefion,0.047238,oaiterion,0.044740,oriterion,0.044324
COCO_train2014_000000245638.jpg,mnad,0.116110,mnan,0.113752,mnnd,0.103711,inad,0.099765,inan,0.097788,mnid,0.096028,mnin,0.094412,mnand,0.094242,mnnn,0.092411,mand,0.091781
COCO_train2014_000000483795.jpg,moooong,0.152624,mooong,0.141824,mooiong,0.130481,moooing,0.107724,maooong,0.092130,moooiong,0.089191,mooing,0.076603,mooioong,0.073023,mooeong,0.071995,moolong,0.064405
COCO_train2014_000000443790.jpg,rr,0.178918,rs,0.121710,kr,0.114641,rh,0.113746,r,0.088939,rk,0.088041,rir,0.085489,ks,0.077952,kh,0.072868,rn,0.057696
COCO_train2014_000000350549.jpg,se,0.169519,sen,0.128483,sae,0.127256,see,0.099511,sn,0.086956,sa,0.082618,saen,0.080663,fe,0.078786,sle,0.074028,san,0.072181
COCO_train2014_000000510531.jpg,isapt,0.195141,ishapt,0.148582,isape,0.135506,ishape,0.103175,isapy,0.088546,isaph,0.074854,iasapt,0.073652,ishapy,0.067419,ishaph,0.056995,iashapt,0.056129
COCO_train2014_000000410245.jpg,ss,0.283521,sss,0.250795,ses,0.102726,sas,0.067896,ssss,0.059050,sns,0.050578,sis,0.050405,sos,0.047001,sses,0.046780,ssns,0.041247
COCO_train2014_000000496065.jpg,ysh,0.190669,yst,0.175519,yh,0.123928,yt,0.114081,yish,0.082583,yist,0.076021,fsh,0.063584,fst,0.058532,ys,0.058288,yih,0.056796
COCO_train2014_000000459166.jpg,mesr,0.167769,mesir,0.121957,meser,0.117100,mer,0.107478,meer,0.096487,meir,0.094364,mesd,0.093904,mesid,0.068516,mesar,0.066638,mesed,0.065787
COCO_train2014_000000212271.jpg,decs,0.167995,des,0.149114,docs,0.101496,dees,0.090589,does,0.089672,aecs,0.088675,dess,0.081365,aes,0.080017,dos,0.078519,dets,0.072558
COCO_train2014_000000402207.jpg,hcng,0.137069,heng,0.112880,mcng,0.111308,hcne,0.104813,hcnc,0.099856,meng,0.091477,hcnig,0.088932,hene,0.086316,mcne,0.085115,henc,0.082234
COCO_train2014_000000460413.jpg,ies,0.138432,mies,0.134599,aies,0.130912,iies,0.123442,iles,0.093684,is,0.079379,mis,0.077249,ais,0.075134,mes,0.074533,aes,0.072636
COCO_train2014_000000486101.jpg,irina,0.202599,trina,0.168613,irinaa,0.101808,iriina,0.100799,trinaa,0.084730,triina,0.083890,irna,0.074348,hrina,0.066550,trna,0.061876,rrina,0.054787
COCO_train2014_000000249804.jpg,g,0.183399,s,0.129336,y,0.122850,k,0.110618,,0.094754,p,0.086098,x,0.082894,f,0.065914,r,0.064006,j,0.060130
COCO_train2014_000000010434.jpg,ssgiie,0.127578,issgiie,0.123502,essgiie,0.107096,eissgiie,0.099265,ssgie,0.096512,sseiie,0.096466,issgie,0.093429,isseiie,0.093385,lssgiie,0.081787,esseiie,0.080979
COCO_train2014_000000186171.jpg,aggsis,0.556088,agasis,0.161099,agqsis,0.066879,kggsis,0.040400,lggsis,0.039101,agosis,0.036495,aaggsis,0.029283,agggis,0.024406,rggsis,0.024213,hggsis,0.022036
COCO_train2014_000000231126.jpg,wwes,0.126170,wees,0.116894,wwies,0.114273,weies,0.097748,wies,0.097272,weis,0.096475,wweis,0.088842,wes,0.088125,wwis,0.088049,woes,0.086152
COCO_train2014_000000563250.jpg,rsee,0.148882,rse,0.129590,tsee,0.110586,rses,0.099771,tse,0.096264,msee,0.088534,rss,0.087976,rsse,0.084816,mse,0.077057,ree,0.076525
COCO_train2014_000000135744.jpg,be,0.143120,he,0.140165,te,0.115054,se,0.099630,le,0.092123,ce,0.089346,de,0.084020,br,0.081440,hr,0.079606,hee,0.075497
COCO_train2014_000000412824.jpg,witien,0.151760,witin,0.125770,wition,0.104543,witied,0.097785,witiin,0.096835,witen,0.087974,witioen,0.085225,witiee,0.085090,wiien,0.083630,witiewn,0.081387
COCO_train2014_000000203054.jpg,eoid,0.145071,eood,0.135782,eoiod,0.122566,eod,0.117383,eoia,0.083854,eoiy,0.082841,eond,0.080187,eooy,0.078732,eoiz,0.077484,eooa,0.076100
COCO_train2014_000000353993.jpg,eeoeoirin,0.174704,eeoesirin,0.170644,heoeoirin,0.124965,heoesirin,0.122063,eeoeirin,0.074491,eeoeairin,0.073487,feoeoirin,0.067593,feoesirin,0.065804,eeoecirin,0.064701,eeoeorin,0.061547
COCO_train2014_000000335110.jpg,ps,0.234905,ds,0.194586,pss,0.123137,dss,0.102011,fs,0.088091,as,0.060714,ss,0.057347,js,0.050438,fss,0.045876,pes,0.042896
COCO_train2014_000000036639.jpg,tatg,0.210206,ttg,0.200146,trtg,0.092268,latg,0.085283,ltg,0.080624,tntg,0.078358,tztg,0.067973,tartg,0.065910,hatg,0.061391,htg,0.057841
COCO_train2014_000000344644.jpg,hortrenpaimr,0.128291,hoertrenpaimr,0.115774,hortrenpainr,0.108575,hortrenparmr,0.100431,hoertrenpainr,0.097982,hortranpaimr,0.094438,hortrenpair,0.091863,hoertrenparmr,0.090632,hortrenparimr,0.086948,hortrenparnr,0.085066
COCO_train2014_000000399308.jpg,saoas,0.104725,saaoas,0.103461,saooas,0.102417,saaas,0.102218,saoaas,0.102009,saoaos,0.099667,saaaas,0.098599,saaos,0.096520,saaaos,0.095725,saoos,0.094660
COCO_train2014_000000367462.jpg,chia,0.177992,cia,0.167770,cha,0.114934,ca,0.106536,chir,0.086259,cir,0.081305,thia,0.073329,tia,0.069302,chih,0.062180,china,0.060394
COCO_train2014_000000518859.jpg,sit,0.311260,sis,0.121099,st,0.088636,sin,0.084572,kit,0.077934,sih,0.074431,rit,0.068202,fit,0.061170,si,0.061041,xit,0.051656
COCO_train2014_000000353460.jpg,ls,0.244551,les,0.190113,las,0.129309,los,0.116555,loes,0.059105,laes,0.057491,lcs,0.056996,lns,0.054101,lees,0.046730,lis,0.045049
COCO_train2014_000000038198.jpg,wiis,0.146846,wiie,0.116342,wiit,0.116232,miis,0.112335,wis,0.096637,miie,0.089000,miit,0.088916,wiiis,0.080548,wie,0.076653,wit,0.076491
COCO_train2014_000000267680.jpg,sosir,0.143679,sosis,0.133653,sosin,0.120704,snsir,0.095065,snsis,0.088431,sasir,0.087983,ssir,0.087440,sasis,0.081843,ssis,0.081338,snsin,0.079864
COCO_train2014_000000193623.jpg,x,0.195803,r,0.156923,s,0.100456,k,0.096636,rx,0.091253,xx,0.088989,,0.082328,g,0.080973,kx,0.055361,y,0.051279
COCO_train2014_000000073814.jpg,ss,0.207525,sls,0.191040,sy,0.114603,sis,0.113794,sly,0.105418,sils,0.074932,siy,0.062793,slls,0.053904,sily,0.041348,se,0.034645
COCO_train2014_000000108266.jpg,usseniclvy,0.140611,ussenicly,0.110583,usseniolvy,0.105721,ussenilvy,0.102682,usseniclivy,0.097147,usseniclyy,0.094698,wsseniclvy,0.093037,usseniclvs,0.090360,ussenioly,0.083144,ussenicivy,0.082019
COCO_train2014_000000246920.jpg,is,0.181312,ls,0.141452,in,0.105623,bs,0.105479,its,0.086513,fs,0.084971,ln,0.082170,lts,0.072528,iis,0.070678,i,0.069274
COCO_train2014_000000255306.jpg,aierpiee,0.273308,aieppiee,0.150103,aierpliee,0.115490,sierpiee,0.114203,aieppliee,0.063426,sieppiee,0.062721,aienpiee,0.062366,aierpiec,0.055808,hierpiee,0.054316,sierpliee,0.048258
COCO_train2014_000000049143.jpg,ld,0.184891,l,0.135187,d,0.119337,ls,0.101833,s,0.099193,wd,0.087613,,0.074456,sd,0.067140,le,0.066937,c,0.063412
COCO_train2014_000000536433.jpg,aa,0.143807,ay,0.128062,ax,0.125460,a,0.111231,aay,0.105428,aax,0.096188,aaa,0.078623,sa,0.075128,as,0.073391,sx,0.062683
COCO_train2014_000000143758.jpg,aae,0.228740,aat,0.207124,aane,0.097923,aant,0.085802,aar,0.071322,aaf,0.068945,aaae,0.063452,aare,0.061896,aaat,0.057636,aa,0.057161
COCO_train2014_000000131172.jpg,foinasn,0.141655,foirasn,0.118347,foinasnn,0.106495,foinann,0.104140,ioinasn,0.099096,foiasn,0.098872,foirasnn,0.089033,foirann,0.084337,ioirasn,0.079492,foinan,0.078533
COCO_train2014_000000493407.jpg,psm,0.229641,fsm,0.182999,psn,0.135559,fsn,0.108026,tsm,0.078804,csm,0.068679,lsm,0.052730,pasm,0.050908,tsn,0.046519,ps,0.046134
COCO_train2014_000000046002.jpg,,0.316706,g,0.119446,r,0.110214,a,0.107779,x,0.091674,f,0.088551,s,0.056912,l,0.041099,y,0.034802,k,0.032818
COCO_train2014_000000443397.jpg,vaie,0.227387,paie,0.127895,yaie,0.115170,iaie,0.105538,uaie,0.092030,vraie,0.088621,naie,0.074108,vae,0.071534,waie,0.050043,praie,0.047676
COCO_train2014_000000466664.jpg,s,0.157205,g,0.156019,sg,0.140892,ss,0.133246,gg,0.090076,gs,0.086296,rg,0.067328,rs,0.063664,x,0.054300,xg,0.050974
COCO_train2014_000000437607.jpg,coood,0.127101,coond,0.114427,conod,0.111224,coaod,0.098760,conood,0.098461,coonod,0.097420,cooood,0.091919,cooond,0.090528,cood,0.086142,conond,0.084019
COCO_train2014_000000381261.jpg,coood,0.132390,cooiod,0.123588,cooid,0.117348,coiod,0.107826,cooood,0.094852,coooid,0.094415,cood,0.093718,caood,0.080456,coond,0.080252,woood,0.075156
COCO_train2014_000000239400.jpg,swie,0.145124,twie,0.127730,swvie,0.115268,twvie,0.101439,swe,0.100677,twe,0.088611,sie,0.084459,svie,0.080883,swve,0.080422,wie,0.075388
COCO_train2014_000000197950.jpg,stal,0.779536,stall,0.126312,sal,0.030464,stai,0.015008,stab,0.013727,stah,0.008507,steal,0.007248,sral,0.007021,stral,0.006616,stzal,0.005561
COCO_train2014_000000490511.jpg,cs,0.192466,rs,0.182057,ces,0.173533,res,0.164678,ts,0.070609,tes,0.063443,cgs,0.040365,ks,0.038652,rgs,0.038277,cas,0.035920
COCO_train2014_000000556500.jpg,vaaha,0.361827,yaaha,0.153052,vaama,0.134772,vamaha,0.067723,vahaha,0.062586,yaama,0.057008,vaana,0.050954,vaiaha,0.050066,vaaa,0.033364,yamaha,0.028647
COCO_train2014_000000518199.jpg,mainbus,0.171916,hainbus,0.164331,maeinbus,0.105105,haeinbus,0.100443,maintus,0.084501,haintus,0.080772,mainhus,0.077107,hainhus,0.073705,mainbut,0.072663,hainbut,0.069457
COCO_train2014_000000036498.jpg,coin,0.186894,soin,0.161227,roin,0.120023,eoin,0.109321,loin,0.104571,boin,0.078885,con,0.071786,son,0.061927,coia,0.056567,soia,0.048798
COCO_train2014_000000517430.jpg,g,0.271899,gn,0.149664,gt,0.115976,s,0.105077,gm,0.069510,go,0.062416,j,0.059233,c,0.056352,sn,0.055628,,0.054245
COCO_train2014_000000257807.jpg,men,0.185686,mn,0.143719,mes,0.096689,meen,0.093912,med,0.089413,mon,0.085017,ms,0.084464,man,0.075445,me,0.075071,msn,0.070582
COCO_train2014_000000399585.jpg,ales,0.146398,aes,0.121713,sles,0.120307,rles,0.115504,res,0.102476,ses,0.100516,mles,0.079802,nles,0.075315,alees,0.071311,mes,0.066659
COCO_train2014_000000317283.jpg,siius,0.136488,sitius,0.131133,stius,0.128109,sius,0.121116,ssius,0.112360,sstius,0.109980,situs,0.074794,siiur,0.064159,sitiur,0.061641,stiur,0.060220
COCO_train2014_000000514825.jpg,soumieen,0.176913,scumieen,0.166355,soumien,0.108302,scumien,0.101839,soumeen,0.098166,scumeen,0.092307,soumieed,0.066331,soumen,0.065667,scumieed,0.062372,scumen,0.061748
COCO_train2014_000000099952.jpg,weriaine,0.123437,weeiaine,0.116126,weraine,0.113629,weeaine,0.106906,weriaing,0.103556,weeiaing,0.097423,weraing,0.095328,weeaing,0.089688,wermaine,0.079302,weemaine,0.074606
COCO_train2014_000000394713.jpg,eae,0.172258,sae,0.160124,ae,0.120230,cae,0.115223,tae,0.111760,gae,0.084206,bae,0.075543,mae,0.057920,rae,0.054468,oae,0.048267
COCO_train2014_000000071735.jpg,see,0.146607,ee,0.117810,sei,0.109589,sel,0.103548,ser,0.102407,set,0.096863,ei,0.085531,er,0.079916,el,0.079245,seh,0.078484
COCO_train2014_000000285891.jpg,xs,0.189023,rs,0.170483,ks,0.130107,s,0.123308,as,0.082945,ys,0.069572,ss,0.065224,cs,0.057915,rxs,0.057168,xxs,0.054255
COCO_train2014_000000235177.jpg,eceis,0.150644,eeceis,0.129918,esceis,0.111106,ecieis,0.099718,eseis,0.095861,eoceis,0.094500,eecieis,0.085074,eceic,0.081923,eceig,0.080605,eeceic,0.070652
COCO_train2014_000000202829.jpg,ps,0.179786,ys,0.165056,vs,0.150839,zs,0.098761,pas,0.070923,pos,0.069160,yas,0.068504,rs,0.068061,yos,0.066763,vas,0.062147
COCO_train2014_000000265173.jpg,toed,0.166728,taed,0.161120,teed,0.137995,ted,0.114408,toied,0.075605,taied,0.073086,toes,0.070138,taes,0.067778,toee,0.067709,taee,0.065432
COCO_train2014_000000523553.jpg,teestacy,0.258184,tbestacy,0.136727,teestaoy,0.128594,ceestacy,0.098501,toestacy,0.086545,testacy,0.072606,tbestaoy,0.068100,cbestacy,0.052147,tdestacy,0.049538,ceestaoy,0.049060
COCO_train2014_000000094618.jpg,ms,0.183625,mas,0.111011,ma,0.099707,ss,0.098603,cs,0.090431,ps,0.087248,mms,0.085580,mns,0.085336,os,0.079426,mos,0.079033
COCO_train2014_000000359472.jpg,mr,0.220135,ms,0.140034,wr,0.119762,me,0.117364,mrs,0.084348,ws,0.076099,m,0.071574,we,0.063671,mt,0.061173,wrs,0.045839
COCO_train2014_000000145411.jpg,rls,0.254579,rs,0.183701,rlls,0.115399,qls,0.087778,pls,0.080255,qs,0.063362,als,0.059254,ps,0.057945,rli,0.053676,as,0.044050
COCO_train2014_000000050913.jpg,inanian,0.111163,ianian,0.108688,inaian,0.104912,innian,0.102775,inanan,0.098716,inaan,0.096708,inian,0.096704,inanzan,0.096643,ihnian,0.093084,iinian,0.090608
COCO_train2014_000000447520.jpg,leeuros,0.150092,leuros,0.123381,leeurcs,0.114564,leeures,0.110980,leurcs,0.094176,leures,0.091229,leeauros,0.084430,leeruros,0.081767,leeros,0.078651,leauros,0.070729
COCO_train2014_000000075477.jpg,s,0.209395,sr,0.204857,ss,0.177753,srs,0.177377,se,0.044836,sx,0.041563,ses,0.037655,sk,0.036288,sre,0.036175,srx,0.034102
COCO_train2014_000000005294.jpg,fs,0.181947,fss,0.159211,fst,0.136721,fsi,0.124508,fi,0.090273,ft,0.079716,fis,0.067640,f,0.054848,fiss,0.054429,fsh,0.050707
COCO_train2014_000000571141.jpg,ocig,0.229086,ocio,0.195751,ocic,0.132230,ogig,0.092609,ocis,0.083601,ogio,0.079133,oig,0.054106,ogic,0.053455,oio,0.046233,ogis,0.033796
COCO_train2014_000000183212.jpg,mey,0.148838,wey,0.136320,iey,0.118344,miey,0.108413,wiey,0.099507,miy,0.085858,iiey,0.079270,wiy,0.078824,my,0.074332,men,0.070295
COCO_train2014_000000576799.jpg,ney,0.161930,mey,0.156934,neey,0.136966,meey,0.135173,ncey,0.071212,mcey,0.069896,necy,0.069245,mecy,0.068098,ny,0.065819,ncy,0.064726
COCO_train2014_000000036068.jpg,cot,0.120338,cod,0.113419,cat,0.109063,cad,0.102793,coa,0.100632,coat,0.096813,coad,0.091247,coet,0.090338,caa,0.088986,caot,0.086370
COCO_train2014_000000057138.jpg,haeo,0.110638,haec,0.107408,maeo,0.104101,hago,0.103893,maec,0.101062,hagc,0.100894,mago,0.097747,magc,0.094925,haee,0.090933,haoo,0.088399
COCO_train2014_000000312199.jpg,bl,0.166957,ll,0.163858,bgl,0.118306,lgl,0.116261,bi,0.090936,li,0.089287,il,0.067557,bt,0.062845,bal,0.062291,lt,0.061703
COCO_train2014_000000406142.jpg,i,0.168717,r,0.119018,ie,0.109171,z,0.108271,a,0.107935,l,0.082592,f,0.080586,u,0.077317,e,0.075061,ze,0.071332
COCO_train2014_000000389183.jpg,tres,0.294598,rres,0.193343,treis,0.134083,rreis,0.086946,res,0.081495,trzs,0.055273,ires,0.044698,reis,0.036670,eres,0.036648,rrzs,0.036245
COCO_train2014_000000099443.jpg,cies,0.128517,ces,0.113037,cis,0.108170,cas,0.097374,cos,0.095022,cias,0.094932,caes,0.094771,coes,0.091460,cios,0.089667,cins,0.087051
COCO_train2014_000000061779.jpg,sy,0.177766,ssy,0.103341,sny,0.102312,y,0.097614,ry,0.097025,ty,0.096016,sxy,0.086063,rsy,0.083188,fy,0.081896,sky,0.074781
COCO_train2014_000000049738.jpg,ks,0.252896,ky,0.124748,kl,0.091074,ka,0.088702,ki,0.086567,ss,0.083134,kj,0.080711,ms,0.068397,rs,0.064286,kb,0.059485
COCO_train2014_000000222441.jpg,doois,0.138907,dools,0.128244,dooig,0.105620,dooia,0.098317,doolg,0.097513,dooib,0.095164,doola,0.090770,doolb,0.087860,doots,0.079886,doos,0.077719
COCO_train2014_000000138434.jpg,mrrct,0.121505,mrnct,0.107391,mrct,0.105248,merct,0.104678,mrrt,0.102574,mrect,0.100843,mrnt,0.092999,mrenct,0.089177,mroct,0.087815,srrct,0.087770
COCO_train2014_000000109738.jpg,wwwws,0.140912,wwwes,0.140842,wwwwes,0.121964,wwws,0.113227,wowwes,0.099655,wowws,0.089955,wowwws,0.079641,wwwwws,0.073894,wewwes,0.071996,wewws,0.067913
COCO_train2014_000000025616.jpg,toecs,0.153619,toecr,0.147783,toscs,0.116038,toscr,0.111630,toeces,0.094367,toecer,0.090782,tosces,0.075793,toscer,0.072914,toees,0.069865,toeer,0.067211
COCO_train2014_000000361939.jpg,iranaiee,0.117912,irenaiee,0.113132,irananee,0.104474,irangiee,0.102584,irenanee,0.100240,irengiee,0.098426,iranaiea,0.094477,irangnee,0.090895,irenaiea,0.090648,irengnee,0.087211
COCO_train2014_000000024792.jpg,baea,0.130465,haea,0.120986,baaea,0.106728,bnaea,0.099418,haaea,0.098944,banea,0.096749,hnaea,0.092080,hanea,0.089675,bnea,0.082941,baaa,0.082015
COCO_train2014_000000156461.jpg,manina,0.117967,mantia,0.116440,mnnina,0.103735,mantina,0.103716,mania,0.102532,mntia,0.096716,ianina,0.093761,mnnia,0.090536,mnntia,0.087520,mntina,0.087077
COCO_train2014_000000311615.jpg,j,0.224338,jn,0.138997,jd,0.119081,je,0.114952,jr,0.092259,ja,0.082768,jt,0.073449,p,0.062771,jo,0.049083,ji,0.042302
COCO_train2014_000000539098.jpg,moaoy,0.139255,mooy,0.132353,maoy,0.116182,mocoy,0.105291,mcoy,0.089962,moeoy,0.087777,moioy,0.085257,moooy,0.082494,moaos,0.081115,meoy,0.080313
COCO_train2014_000000487645.jpg,fs,0.177109,hs,0.121855,ft,0.110049,f,0.108418,fes,0.105339,fr,0.078998,fe,0.077457,ht,0.075688,h,0.074396,hes,0.070691
COCO_train2014_000000134849.jpg,ssuss,0.135348,ssiss,0.129024,ssss,0.110280,seuss,0.104651,seiss,0.099799,ssus,0.090426,ssis,0.089379,sess,0.085452,ssuiss,0.080986,ssunss,0.074654
COCO_train2014_000000363014.jpg,sek,0.470480,seh,0.095950,spek,0.076565,sak,0.063917,sex,0.061531,shek,0.053862,sel,0.051637,cek,0.047049,siek,0.042099,eek,0.036911
COCO_train2014_000000005755.jpg,r,0.245134,rs,0.159935,k,0.107970,rx,0.103411,g,0.082006,f,0.072904,ks,0.068369,y,0.060130,gs,0.052652,fs,0.047489
COCO_train2014_000000463753.jpg,ososeoed,0.144918,ososeied,0.129523,isoseoed,0.111283,ososemed,0.100544,isoseied,0.099455,ososeoied,0.089476,ososened,0.088516,ososeioed,0.082097,ososeod,0.077266,bsoseoed,0.076922
COCO_train2014_000000262662.jpg,cyclists,0.798084,cyclsts,0.072043,cxyclists,0.032411,eyclists,0.026380,cvyclists,0.016148,cyxclists,0.015341,cyclistrs,0.014116,cyglists,0.012304,cyvclists,0.008145,gyclists,0.005028
COCO_train2014_000000154373.jpg,my,0.220459,mg,0.136602,ny,0.109577,may,0.095086,py,0.083315,mny,0.082067,ay,0.073209,ry,0.072093,ng,0.067878,mly,0.059715
COCO_train2014_000000252022.jpg,sls,0.165650,ss,0.142306,sas,0.140042,sns,0.117671,slas,0.078542,slns,0.076322,sis,0.074262,szs,0.070098,ses,0.067826,sos,0.067281
COCO_train2014_000000570078.jpg,rats,0.157174,rts,0.153989,rots,0.138706,rcts,0.103868,rs,0.088105,ras,0.085764,ros,0.075965,ots,0.068556,rets,0.064722,uts,0.063152
COCO_train2014_000000153749.jpg,satmn,0.158137,satnn,0.138276,spatmn,0.100268,satn,0.097632,satm,0.093116,spatnn,0.087675,satms,0.086996,catmn,0.083743,satns,0.080931,catnn,0.073226
COCO_train2014_000000027513.jpg,sapen,0.180355,gapen,0.162354,sapean,0.145158,gapean,0.130670,sapan,0.075407,sapien,0.069031,gapan,0.067879,gapien,0.062141,sapiean,0.054628,sapn,0.052377
COCO_train2014_000000015976.jpg,disraned,0.112519,dsraned,0.108912,disrened,0.108796,dsrened,0.105308,disrared,0.097994,dsrared,0.094853,disrered,0.094533,digraned,0.094351,dsrered,0.091503,digrened,0.091229
COCO_train2014_000000442997.jpg,s,0.274884,ys,0.169614,xs,0.123117,ss,0.109298,js,0.081569,,0.055284,y,0.052119,ls,0.046133,qs,0.045280,t,0.042703
COCO_train2014_000000038681.jpg,si,0.292090,st,0.273795,gi,0.083421,gt,0.078131,sj,0.070538,sh,0.058626,sii,0.039304,sit,0.037553,ss,0.034772,s,0.031769
COCO_train2014_000000442332.jpg,leos,0.147318,lems,0.118896,leios,0.108786,leis,0.103510,les,0.101616,leas,0.089078,los,0.088069,lees,0.085559,leeos,0.080155,lios,0.077011
COCO_train2014_000000319990.jpg,airfranice,0.279601,airfranics,0.252154,airfrance,0.108149,airfrancs,0.097532,arfranice,0.071692,arfranics,0.064655,airfranicg,0.034410,aireranice,0.033697,aireranics,0.030389,arfrance,0.027722
COCO_train2014_000000112553.jpg,bbts,0.117974,bbis,0.117860,bbs,0.107976,bts,0.103730,bbtis,0.103605,btis,0.102522,bbls,0.089708,bsts,0.086970,bsis,0.086263,bss,0.083392
COCO_train2014_000000345024.jpg,haimaen,0.146079,hamimaen,0.123650,hamaen,0.123506,haamaen,0.101805,hanmaen,0.100505,haaimaen,0.094323,hanimaen,0.090501,hammaen,0.088596,hahmaen,0.066148,hamiaen,0.064888
COCO_train2014_000000144994.jpg,wxes,0.185573,wes,0.126953,wxexs,0.116481,kxes,0.105812,wxeks,0.085535,wxeos,0.080151,wxews,0.077380,wexs,0.075472,wxeis,0.073355,woes,0.073289
COCO_train2014_000000002007.jpg,a,0.224160,f,0.163801,,0.133515,z,0.119949,h,0.090582,t,0.066021,s,0.053772,at,0.049638,i,0.049603,r,0.048959
COCO_train2014_000000014319.jpg,ss,0.276351,sls,0.239843,sas,0.114556,sals,0.060870,sis,0.060382,slls,0.060108,sgs,0.052405,sus,0.048391,ses,0.048278,sxs,0.038816
COCO_train2014_000000383438.jpg,s,0.242963,sl,0.138559,sf,0.118929,sx,0.103495,si,0.102540,sk,0.074370,st,0.061966,sy,0.056740,ss,0.050791,sj,0.049647
COCO_train2014_000000399262.jpg,fpserse,0.198170,ppserse,0.143505,fpsierse,0.123072,fpseise,0.107209,ppsierse,0.088992,fpsese,0.081875,ppseise,0.077515,fpsieise,0.066482,ppsese,0.059289,fpsersr,0.053892
COCO_train2014_000000517005.jpg,ss,0.206233,sas,0.141405,ses,0.122302,shs,0.113430,sis,0.097139,sps,0.073290,saes,0.065885,shes,0.060595,sss,0.060316,shas,0.059404
COCO_train2014_000000292157.jpg,cooacon,0.124625,coaocon,0.109199,conocon,0.104026,tooacon,0.100376,cooacin,0.098153,conacon,0.097966,cnoacon,0.092153,tonocon,0.091959,cooacan,0.090923,ionocon,0.090619
COCO_train2014_000000178491.jpg,ceoany,0.134299,coeoany,0.119633,coeany,0.109032,cooany,0.101516,coaany,0.098843,soeoany,0.093313,coeoay,0.088896,ceoaany,0.088547,ceoaay,0.086917,soaany,0.079005
COCO_train2014_000000330472.jpg,rren,0.147540,rrren,0.135589,rrrn,0.115872,rrtn,0.107164,rrn,0.100790,rrrtn,0.096513,rraen,0.076703,rrten,0.074860,rrin,0.074353,rrarn,0.070617
COCO_train2014_000000251315.jpg,tsiny,0.187967,tsny,0.119693,tsiay,0.112117,tsizy,0.092759,tsiry,0.089500,tsiy,0.087992,tsry,0.079108,tsity,0.077440,tsay,0.077136,tsany,0.076288
COCO_train2014_000000097053.jpg,eiosss,0.167578,eiossf,0.118355,riosss,0.112678,aiosss,0.103110,eoiosss,0.097913,eiosst,0.090905,fiosss,0.086218,riossf,0.079581,aiossf,0.072823,kiosss,0.070839
COCO_train2014_000000033471.jpg,ms,0.227172,ma,0.202373,ss,0.107609,sa,0.095914,ws,0.077200,mx,0.072886,wa,0.068810,mg,0.052761,3s,0.048284,ps,0.046990
COCO_train2014_000000427154.jpg,eons,0.226267,aons,0.216935,eong,0.097836,aong,0.093801,lons,0.083720,rons,0.062422,ons,0.061837,dons,0.060819,sons,0.054893,eos,0.041469
COCO_train2014_000000425187.jpg,ctoy,0.175986,ctcy,0.149457,ctey,0.148222,ctoey,0.129710,ctcey,0.109097,cteey,0.075428,cty,0.059250,ceey,0.051109,coy,0.051015,coey,0.050727
COCO_train2014_000000525101.jpg,g,0.255909,gt,0.148158,gf,0.147944,gs,0.147610,gy,0.071291,gg,0.059795,gi,0.057873,ge,0.042698,gp,0.034555,gj,0.034169
COCO_train2014_000000006332.jpg,tne,0.196000,tnne,0.118479,te,0.109829,tme,0.108355,tmne,0.107296,tie,0.081651,tae,0.070663,tle,0.070262,tnfe,0.069282,tnee,0.068183
COCO_train2014_000000373414.jpg,scotiabe,0.218499,ccotiabe,0.212713,scotinbe,0.121883,ccotinbe,0.118655,ecotiabe,0.068675,scotimbe,0.057524,ccotimbe,0.056000,scotnabe,0.050779,ccotnabe,0.049435,scottabe,0.045837
COCO_train2014_000000480666.jpg,canieg,0.142424,canies,0.132581,canig,0.099018,canoeg,0.094535,canis,0.092174,caneg,0.091903,canoes,0.088001,caineg,0.087411,caieg,0.086403,canes,0.085551
COCO_train2014_000000139211.jpg,toaee,0.141531,coaee,0.123710,toaes,0.105902,tnoaee,0.105782,coaes,0.092567,toaer,0.092200,toaiee,0.088364,toee,0.088305,cnoaee,0.081049,coaer,0.080591
COCO_train2014_000000409433.jpg,fuzd,0.134828,flzd,0.128263,fizd,0.125651,fzd,0.109116,fuzzd,0.104365,fzzd,0.096687,flzzd,0.079928,fuza,0.077065,flza,0.072790,fiza,0.071307
COCO_train2014_000000488547.jpg,bntea,0.120779,batea,0.118126,bmtea,0.117267,brtea,0.115650,btea,0.094407,dntea,0.093509,dmtea,0.090779,drtea,0.089481,datea,0.088120,dtea,0.071881
COCO_train2014_000000413360.jpg,eieskned,0.140778,eieshned,0.133469,enieskned,0.121766,enieshned,0.115445,eiesked,0.087066,eieskaed,0.085196,eieshed,0.083399,eieshaed,0.080774,eieskted,0.076800,eniesked,0.075308
COCO_train2014_000000230236.jpg,iilt,0.106386,iillt,0.103396,iilg,0.103052,iily,0.101168,iillg,0.100155,ililt,0.098806,iilly,0.098325,millt,0.096788,miilt,0.096216,ililg,0.095709
COCO_train2014_000000256380.jpg,rs,0.387674,as,0.108150,rus,0.103841,res,0.087631,ris,0.070561,ns,0.065068,rss,0.057429,rts,0.042079,rys,0.039750,rls,0.037817
COCO_train2014_000000258073.jpg,mmaiel,0.137781,mmaiell,0.135118,mmiel,0.129043,mmiell,0.126548,imaiel,0.088059,imaiell,0.086357,imiel,0.082462,imiell,0.080868,mmatel,0.067540,mmatell,0.066223
COCO_train2014_000000285913.jpg,maaad,0.156865,maaid,0.123497,maaiad,0.115353,maad,0.109810,maaed,0.097956,maraad,0.094861,maraid,0.080400,maraiad,0.076965,maaied,0.076273,maiad,0.068021
COCO_train2014_000000171607.jpg,r,0.240354,,0.142621,s,0.130562,rs,0.125629,g,0.075252,x,0.070532,rx,0.063460,k,0.055914,c,0.051429,p,0.044246
COCO_train2014_000000457530.jpg,wwely,0.125495,wwey,0.115346,wwels,0.104569,wwelg,0.097761,wwly,0.097304,wwes,0.096113,wwily,0.094641,wwwey,0.089989,wweg,0.089855,wweiy,0.088926
COCO_train2014_000000350510.jpg,sny,0.123898,sey,0.118702,sney,0.110129,szy,0.101934,snzy,0.100846,sns,0.091099,say,0.090932,soy,0.088316,ses,0.087278,sng,0.086866
COCO_train2014_000000056849.jpg,sxy,0.145668,sxxy,0.137494,sxt,0.129536,sxxt,0.126685,axy,0.081671,sxs,0.080986,axxy,0.076376,sxsy,0.074758,sxxs,0.073720,sxx,0.073106
COCO_train2014_000000116607.jpg,ceanig,0.158768,cenig,0.156935,ceonig,0.133160,canig,0.098243,cnig,0.084298,conig,0.082014,reanig,0.074447,renig,0.073569,teanig,0.069673,tenig,0.068892
COCO_train2014_000000088582.jpg,puiiy,0.122918,poiiy,0.115186,puiy,0.113882,poiy,0.108517,pueiiy,0.100102,pueiy,0.091986,puiie,0.090818,poeiiy,0.087343,poiie,0.085105,puie,0.084142
COCO_train2014_000000193077.jpg,caoad,0.113697,caood,0.112689,caoed,0.105508,laoad,0.099051,laood,0.098192,caoan,0.097127,caoon,0.096266,caoen,0.096003,laoed,0.091931,maoad,0.089537
COCO_train2014_000000502116.jpg,zb,0.128503,zo,0.121949,rb,0.112760,ro,0.107011,pb,0.099618,po,0.094533,b,0.088777,o,0.086639,zd,0.082459,gb,0.077751
COCO_train2014_000000086530.jpg,rer,0.199837,ren,0.153573,rier,0.120684,rrer,0.097800,rien,0.092744,reer,0.076659,rren,0.075159,raer,0.067628,reen,0.058912,rr,0.057003
COCO_train2014_000000296540.jpg,leroals,0.180437,lelroals,0.106215,lerorals,0.103394,leronals,0.102631,lerorls,0.090495,leronls,0.089874,lerols,0.087407,lerogals,0.087169,lerogls,0.077948,leromals,0.074429
COCO_train2014_000000248610.jpg,ieitid,0.155305,ieitnd,0.114560,leitid,0.098632,ieiid,0.097859,ieitd,0.096062,ieitad,0.092263,ietid,0.089575,ieiitid,0.087672,leitnd,0.084572,ieintid,0.083499
COCO_train2014_000000128405.jpg,snoed,0.127800,sinoed,0.107664,snoaed,0.107103,snaed,0.098517,snooed,0.097064,snoned,0.095780,sinaed,0.093717,snoey,0.093604,sioed,0.090880,snoeg,0.087870
COCO_train2014_000000073610.jpg,fpat,0.204696,tpat,0.186629,frat,0.105659,trat,0.096311,lpat,0.091502,ipat,0.087732,jpat,0.064716,pat,0.058162,ppat,0.054542,zpat,0.050051
COCO_train2014_000000184858.jpg,hogercon,0.198834,rogercon,0.141269,hogercomn,0.135067,pogercon,0.124684,rogercomn,0.095964,pogercomn,0.084698,mogercon,0.058496,hogercom,0.056605,dogercon,0.052695,bogercon,0.051689
COCO_train2014_000000514064.jpg,cepl,0.149743,copl,0.137545,gepl,0.126984,gopl,0.116080,kepl,0.094472,kopl,0.086226,capl,0.075853,cepil,0.075395,copil,0.069128,ceprl,0.068574
COCO_train2014_000000379034.jpg,cas,0.152708,cs,0.130274,ces,0.125491,cos,0.097552,crs,0.096523,gas,0.087658,ceas,0.086918,cras,0.075843,gs,0.074790,css,0.072244
COCO_train2014_000000547767.jpg,yiannis,0.779757,yyiannis,0.108165,yiamnis,0.039406,iannis,0.022166,yannis,0.013955,viannis,0.012404,yiarnis,0.009702,yyiamnis,0.005466,vyiannis,0.005183,yianis,0.003797
COCO_train2014_000000444783.jpg,dss,0.170425,dxs,0.143360,ds,0.121699,dxss,0.091937,wss,0.089127,dsxs,0.087805,dsx,0.086707,wxs,0.075128,dsss,0.067162,dx,0.066651
COCO_train2014_000000050151.jpg,ptes,0.131103,ftes,0.130707,rtes,0.107682,pties,0.096406,fties,0.096053,ptas,0.089139,ftas,0.088873,stes,0.087964,pies,0.086187,fies,0.085885
COCO_train2014_000000019927.jpg,coinndss,0.161290,cuinndss,0.133889,eoinndss,0.127459,euinndss,0.105364,coinndess,0.095903,goinndss,0.086578,cuinndess,0.079607,eoinndess,0.075784,guinndss,0.071480,euinndess,0.062647
COCO_train2014_000000169321.jpg,sa,0.274987,ra,0.146242,ea,0.119648,ba,0.095405,fa,0.075340,ka,0.064039,ga,0.063588,ca,0.057841,xa,0.052291,sz,0.050620
COCO_train2014_000000238618.jpg,ag,0.150797,aig,0.145695,lg,0.102674,alg,0.100676,ug,0.100455,uig,0.099606,lig,0.078258,wg,0.075027,wig,0.074497,ig,0.072316
COCO_train2014_000000100468.jpg,iooetg,0.169440,ooetg,0.119799,iooete,0.104169,iaoetg,0.100343,iooeotg,0.098300,iooeta,0.088321,iooedtg,0.086832,iooeitg,0.085236,iooerg,0.073909,ooete,0.073651
COCO_train2014_000000029894.jpg,ss,0.312746,gs,0.193524,s,0.114974,ps,0.077660,xs,0.066047,3s,0.057557,4s,0.051289,8s,0.045773,se,0.041376,g,0.039055
COCO_train2014_000000260604.jpg,mia,0.127138,mid,0.120281,mio,0.103789,sia,0.103694,aia,0.099085,sid,0.098102,aid,0.093741,maia,0.085691,sio,0.084651,mie,0.083827
COCO_train2014_000000418964.jpg,sacs,0.201828,acs,0.132208,cacs,0.120247,aacs,0.112837,racs,0.090487,salcs,0.084622,scs,0.075646,uacs,0.071207,alcs,0.062582,calcs,0.048336
COCO_train2014_000000232322.jpg,nsece,0.214422,nsecf,0.164361,nsech,0.146358,nsect,0.089770,nsecp,0.086829,nseci,0.080875,usece,0.066641,ssece,0.054175,usecf,0.051082,usech,0.045487
COCO_train2014_000000367058.jpg,ks,0.239613,kts,0.156414,as,0.098143,xs,0.076720,kes,0.076365,rs,0.074754,kd,0.074225,kis,0.074068,ns,0.066667,ats,0.063030
COCO_train2014_000000296978.jpg,colad,0.119292,clad,0.113684,cliad,0.112308,cllad,0.111951,cnlad,0.110403,clod,0.095549,ciad,0.088276,coad,0.086546,cload,0.081887,cnad,0.080101
COCO_train2014_000000563323.jpg,ss,0.214884,s,0.164957,ps,0.130086,sx,0.103029,rs,0.075617,sxs,0.074462,p,0.065426,px,0.062065,xs,0.055317,js,0.054157
COCO_train2014_000000394560.jpg,ceses,0.175189,coses,0.131993,cees,0.119507,coes,0.106751,coees,0.099251,ceoes,0.088832,ceoses,0.075458,cesres,0.072661,cesses,0.066050,coeses,0.064308
COCO_train2014_000000569017.jpg,weeoeg,0.114443,weoeg,0.112930,weeog,0.112279,weeolg,0.111050,meoeg,0.103237,meeog,0.091195,meeolg,0.089377,weeeg,0.089013,woeolg,0.088309,woeog,0.088167
COCO_train2014_000000577749.jpg,cows,0.976471,cowvs,0.005221,gows,0.004926,covws,0.004326,cowws,0.003563,cowms,0.001948,comws,0.001757,ows,0.000741,caws,0.000671,cqws,0.000377
COCO_train2014_000000383645.jpg,hacared,0.117869,hrcared,0.111429,hcared,0.108854,harcared,0.103568,hacred,0.098045,hacired,0.096367,hrcred,0.093944,hcred,0.090523,hrcired,0.090349,hcired,0.089052
COCO_train2014_000000338189.jpg,uneibg,0.166660,unebg,0.108918,uneiag,0.106287,unneibg,0.099202,uneing,0.095931,uneiog,0.089959,unelbg,0.084832,untibg,0.083678,unueibg,0.083327,unibg,0.081205
COCO_train2014_000000292986.jpg,ts,0.161700,ss,0.117430,tas,0.110660,fs,0.110261,te,0.102407,tzs,0.096930,sas,0.080369,fas,0.075473,se,0.074372,szs,0.070397
